   9.12010670E-02   108921840.       246.604004    
   9.54992399E-02   102592352.       221.819717    
  0.100000001       96630648.0       199.526199    
  0.104712851       91015400.0       179.473358    
  0.109647810       85726464.0       161.435867    
  0.114815347       80744872.0       145.211197    
  0.120226420       76052760.0       130.617126    
  0.125892535       71633288.0       117.489754    
  0.131825656       67470656.0       105.681778    
  0.138038427       63549900.0       95.0604706    
  0.144543961       59857000.0       85.5066833    
  0.151356101       56378692.0       76.9130630    
  0.158489287       53102504.0       69.1831207    
  0.165958658       50016696.0       62.2300529    
  0.173780069       47110196.0       55.9757652    
  0.181970075       44372604.0       50.3500633    
  0.190546066       41794096.0       45.2897568    
  0.199526206       39365424.0       40.7380371    
  0.208929583       37077884.0       36.6437683    
  0.218776122       34923276.0       32.9609833    
  0.229086742       32893866.0       29.6483192    
  0.239883259       30982392.0       26.6685925    
  0.251188636       29181990.0       23.9883289    
  0.263026774       27486216.0       21.5774479    
  0.275422841       25888980.0       19.4088631    
  0.288403094       24384564.0       17.4582291    
  0.301995158       22967562.0       15.7036285    
  0.316227734       21632912.0       14.1253777    
  0.331131071       20375814.0       12.7057447    
  0.346736819       19191766.0       11.4287853    
  0.363077998       18076526.0       10.2801666    
  0.380189329       17026092.0       9.24698544    
  0.398107141       16036698.0       8.31763840    
  0.416869342       15104799.0       7.48169661    
  0.436515749       14227055.0       6.72976923    
  0.457088143       13400314.0       6.05341005    
  0.478630036       12621617.0       5.44502783    
  0.501187146       11860011.0       4.89778996    
  0.524807334       10668053.0       4.40555096    
  0.549540818       9595885.00       3.96278119    
  0.575439870       8631475.00       3.56451225    
  0.602559447       7763993.00       3.20627093    
  0.630957246       6983692.00       2.88403249    
  0.660693347       6281813.50       2.59418011    
  0.691830814       5650477.00       2.33345914    
  0.724435866       5082589.50       2.09894037    
  0.758577466       4571777.00       1.88799191    
  0.794328094       4112303.00       1.69824433    
  0.831763685       3699006.00       1.52756643    
  0.870963454       3327247.50       1.37404251    
  0.912010670       2992851.00       1.23594797    
  0.954992354       2692062.75       1.11173236    
  0.999999702       2421504.25       1.00000072    
   1.04712856       2178135.50      0.899497569    
   1.09647810       1959228.12      0.809096038    
   1.14815342       1762321.38      0.727780104    
   1.20226419       1585203.88      0.654636502    
   1.25892508       1425887.25      0.588844001    
   1.31825638       1282582.25      0.529663801    
   1.38038421       1153679.00      0.476431042    
   1.44543970       1037731.44      0.428548574    
   1.51356101       933437.125      0.385478497    
   1.58489299       839624.438      0.346736968    
   1.65958655       755240.250      0.311889112    
   1.73780036       679336.875      0.280543536    
   1.81970036       611061.875      0.252348244    
   1.90546060       549648.438      0.226986527    
   1.99526215       494407.469      0.204173848    
   2.08929586       444718.344      0.183653891    
   2.18776131       400023.094      0.165196240    
   2.29086709       359819.906      0.148593649    
   2.39883232       323657.125      0.133659631    
   2.51188636       291128.656      0.120226458    
   2.63026762       261869.594      0.108143434    
   2.75422835       235551.062       9.72747579E-02
   2.88403106       211877.625       8.74984115E-02
   3.01995111       190583.422       7.87046179E-02
   3.16227674       171429.359       7.07946271E-02
   3.31131005       154200.328       6.36796057E-02
   3.46736813       138702.750       5.72796203E-02
   3.63077998       124762.797       5.15228845E-02
   3.80189323       112223.844       4.63447161E-02
   3.98107076       100945.086       4.16869633E-02
   4.16869259       90799.8672       3.74973267E-02
   4.36515713       81674.2656       3.37287560E-02
   4.57088137       73465.7734       3.03389225E-02
   4.78630018       66082.2891       2.72897892E-02
   5.01187134       59440.8672       2.45471019E-02
   5.24807358       53466.9180       2.20800582E-02
   5.49540758       48093.3672       1.98609605E-02
   5.75439787       43259.8711       1.78648885E-02
   6.02559566       38912.1328       1.60694160E-02
   6.30957270       35001.3711       1.44544030E-02
   6.60693359       31483.6504       1.30017009E-02
   6.91830826       28319.4727       1.16950003E-02
   7.24435806       25473.2969       1.05196247E-02
   7.58577347       22913.1738       9.46237892E-03
   7.94327974       20610.3477       8.51138774E-03
   8.31763649       18538.9492       7.65596936E-03
   8.70963478       16675.7383       6.88652555E-03
   9.12010670       14999.7891       6.19441411E-03
   9.54992390       13492.2754       5.57186082E-03
   9.99999714       12136.2705       5.01187611E-03
   10.4712820       10916.5469       4.50817076E-03
   10.9647779       9819.40918       4.05508932E-03
   11.4815311       8832.53613       3.64754349E-03
   12.0226393       7944.84424       3.28095653E-03
   12.5892544       7146.36084       2.95120943E-03
   13.1825676       6428.13477       2.65460578E-03
   13.8038425       5782.09180       2.38781166E-03
   14.4543962       5200.97852       2.14783126E-03
   15.1356106       4678.26807       1.93196908E-03
   15.8489294       4208.09131       1.73780171E-03
   16.5958652       3785.16846       1.56314869E-03
   17.3780041       3404.75000       1.40604854E-03
   18.1970024       3062.56494       1.26473745E-03
   19.0545998       2754.77026       1.13762845E-03
   19.9526157       2477.90918       1.02329405E-03
   20.8929520       2228.87354       9.20450664E-04
   21.8776054       2004.86658       8.27943208E-04
   22.9086781       1803.37036       7.44731980E-04
   23.9883289       1622.12756       6.69884728E-04
   25.1188622       1459.10010       6.02559827E-04
   26.3026772       1312.45703       5.42001100E-04
   27.5422840       1180.55188       4.87528683E-04
   28.8403091       1061.90393       4.38530988E-04
   30.1995106       955.179993       3.94457573E-04
   31.6227684       859.182190       3.54813674E-04
   33.1131020       772.832336       3.19154060E-04
   34.6736717       695.160950       2.87078350E-04
   36.3077888       625.295715       2.58226326E-04
   38.0189209       562.452026       2.32273989E-04
   39.8106956       505.924286       2.08929909E-04
   41.6869392       455.077087       1.87931699E-04
   43.6515808       409.340820       1.69044142E-04
   45.7088165       368.201080       1.52054796E-04
   47.8630028       331.196045       1.36772956E-04
   50.1187134       297.910095       1.23026955E-04
   52.4807358       267.969391       1.10662448E-04
   54.9540749       241.037842       9.95406153E-05
   57.5439758       216.813004       8.95365592E-05
   60.2559395       195.022766       8.05379168E-05
   63.0957108       175.422546       7.24436759E-05
   66.0693130       157.792175       6.51629234E-05
   69.1830673       141.933670       5.86138849E-05
   72.4435577       127.669029       5.27230623E-05
   75.8577576       114.837837       4.74242079E-05
   79.4328156       103.296387       4.26579718E-05
   83.1763687       92.9148483       3.83707411E-05
   87.0963440       83.5766983       3.45143962E-05
   91.2010651       75.1770401       3.10456162E-05
   95.4992371       67.6215668       2.79254582E-05
   99.9999695       60.8254471       2.51188867E-05
   104.712852       54.7123108       2.25943641E-05
   109.647812       49.2135925       2.03235777E-05
   114.815346       44.2675171       1.82810127E-05
   120.226425       39.8185234       1.64437261E-05
   125.892517       35.8166733       1.47910941E-05
   131.825638       32.2170143       1.33045560E-05
   138.038391       28.9791260       1.19674150E-05
   144.543930       26.0666580       1.07646629E-05
