 fM_tMtotMecl(f)Mecl_max(i)
           2  0.636322200       9.99999980E+10   6.04712868       0.00000000    
           3  0.651864469       9.99999980E+10   6.07151937       0.00000000    
           4  0.667800605       9.99999980E+10   6.09647846       0.00000000    
           5  0.684139907       9.99999980E+10   6.12201834       0.00000000    
           6  0.700893283       9.99999980E+10   6.14815378       0.00000000    
           7  0.718071401       9.99999980E+10   6.17489767       0.00000000    
           8  0.735686302       9.99999980E+10   6.20226431       0.00000000    
           9  0.753749430       9.99999980E+10   6.23026848       0.00000000    
          10  0.772273302       9.99999980E+10   6.25892544       0.00000000    
          11  0.791269600       9.99999980E+10   6.28824949       0.00000000    
          12  0.810750544       9.99999980E+10   6.31825686       0.00000000    
          13  0.830729365       9.99999980E+10   6.34896278       0.00000000    
          14  0.851219773       9.99999980E+10   6.38038445       0.00000000    
          15  0.872235477       9.99999980E+10   6.41253757       0.00000000    
          16  0.893790841       9.99999980E+10   6.44543982       0.00000000    
          17  0.915899277       9.99999980E+10   6.47910833       0.00000000    
          18  0.938576698       9.99999980E+10   6.51356125       0.00000000    
          19  0.961839139       9.99999980E+10   6.54881668       0.00000000    
          20  0.985701442       9.99999980E+10   6.58489323       0.00000000    
          21   1.01017928       9.99999980E+10   6.62180996       0.00000000    
          22   1.03528976       9.99999980E+10   6.65958691       0.00000000    
          23   1.06105173       9.99999980E+10   6.69824362       0.00000000    
          24   1.08748031       9.99999980E+10   6.73780060       0.00000000    
          25   1.11459482       9.99999980E+10   6.77827930       0.00000000    
          26   1.14241421       9.99999980E+10   6.81970072       0.00000000    
          27   1.17095768       9.99999980E+10   6.86208725       0.00000000    
          28   1.20024419       9.99999980E+10   6.90546083       0.00000000    
          29   1.23029399       9.99999980E+10   6.94984436       0.00000000    
          30   1.26112878       9.99999980E+10   6.99526215       0.00000000    
          31   1.29277110       9.99999980E+10   7.04173803       0.00000000    
          32   1.32523930       9.99999980E+10   7.08929634       0.00000000    
          33   1.35856020       9.99999980E+10   7.13796234       0.00000000    
          34   1.39275324       9.99999980E+10   7.18776131       0.00000000    
          35   1.42784631       9.99999980E+10   7.23872089       0.00000000    
          36   1.46386135       9.99999980E+10   7.29086781       0.00000000    
          37   1.50082421       9.99999980E+10   7.34422874       0.00000000    
          38   1.53876090       9.99999980E+10   7.39883280       0.00000000    
          39   1.57769883       9.99999980E+10   7.45470905       0.00000000    
          40   1.61766529       9.99999980E+10   7.51188660       0.00000000    
          41   1.65868807       9.99999980E+10   7.57039547       0.00000000    
          42   1.70079720       9.99999980E+10   7.63026810       0.00000000    
          43   1.74402249       9.99999980E+10   7.69153500       0.00000000    
          44   1.78839338       9.99999980E+10   7.75422859       0.00000000    
          45   1.83394253       9.99999980E+10   7.81838274       0.00000000    
          46   1.88070214       9.99999980E+10   7.88403130       0.00000000    
          47   1.92870617       9.99999980E+10   7.95120907       0.00000000    
          48   1.97798812       9.99999980E+10   8.01995182       0.00000000    
          49   2.02858424       9.99999980E+10   8.09029579       0.00000000    
          50   2.08052850       9.99999980E+10   8.16227722       0.00000000    
          51   2.13386178       9.99999980E+10   8.23593616       0.00000000    
          52   2.18861961       9.99999980E+10   8.31131077       0.00000000    
          53   2.24484158       9.99999980E+10   8.38844109       0.00000000    
          54   2.30257010       9.99999980E+10   8.46736813       0.00000000    
          55   2.36184406       9.99999980E+10   8.54813385       0.00000000    
          56   2.42270803       9.99999980E+10   8.63078022       0.00000000    
          57   2.48520613       9.99999980E+10   8.71535206       0.00000000    
          58   2.54938173       9.99999980E+10   8.80189323       0.00000000    
          59   2.61528277       9.99999980E+10   8.89045143       0.00000000    
          60   2.68295527       9.99999980E+10   8.98107147       0.00000000    
          61   2.75245023       9.99999980E+10   9.07380295       0.00000000    
          62   2.82381558       9.99999980E+10   9.16869354       0.00000000    
          63   2.89710522       9.99999980E+10   9.26579475       0.00000000    
          64   2.97237015       9.99999980E+10   9.36515808       0.00000000    
          65   3.04966569       9.99999980E+10   9.46683502       0.00000000    
          66   3.12904739       9.99999980E+10   9.57088089       0.00000000    
          67   3.21057510       9.99999980E+10   9.67735100       0.00000000    
          68   3.29430485       9.99999980E+10   9.78630066       0.00000000    
          69   3.38029766       9.99999980E+10   9.89778805       0.00000000    
          70   3.46861696       9.99999980E+10   10.0118723       0.00000000    
          71   3.55932570       9.99999980E+10   10.1286135       0.00000000    
          72   3.65249038       9.99999980E+10   10.2480736       0.00000000    
          73   3.74817824       9.99999980E+10   10.3703175       0.00000000    
          74   3.84645844       9.99999980E+10   10.4954090       0.00000000    
          75   3.94740009       9.99999980E+10   10.6234131       0.00000000    
          76   4.05107880       9.99999980E+10   10.7543993       0.00000000    
          77   4.15756845       9.99999980E+10   10.8884363       0.00000000    
          78   4.26694679       9.99999980E+10   11.0255957       0.00000000    
          79   4.37929010       9.99999980E+10   11.1659489       0.00000000    
          80   4.49468279       9.99999980E+10   11.3095722       0.00000000    
          81   4.61320734       9.99999980E+10   11.4565430       0.00000000    
          82   4.73494768       9.99999980E+10   11.6069345       0.00000000    
          83   4.85999155       9.99999980E+10   11.7608299       0.00000000    
          84   4.98842764       9.99999980E+10   11.9183092       0.00000000    
          85   5.12035275       9.99999980E+10   12.0794573       0.00000000    
          86   5.25585699       9.99999980E+10   12.2443590       0.00000000    
          87   5.39504194       9.99999980E+10   12.4131031       0.00000000    
          88   5.53800106       9.99999980E+10   12.5857754       0.00000000    
          89   5.68484116       9.99999980E+10   12.7624702       0.00000000    
          90   5.83566809       9.99999980E+10   12.9432821       0.00000000    
          91   5.99058676       9.99999980E+10   13.1283045       0.00000000    
          92   6.14970827       9.99999980E+10   13.3176365       0.00000000    
          93   6.31314802       9.99999980E+10   13.5113802       0.00000000    
          94   6.48101854       9.99999980E+10   13.7096357       0.00000000    
          95   6.65344381       9.99999980E+10   13.9125090       0.00000000    
          96   6.83054256       9.99999980E+10   14.1201077       0.00000000    
          97   7.01244164       9.99999980E+10   14.3325424       0.00000000    
          98   7.19926977       9.99999980E+10   14.5499249       0.00000000    
          99   7.39115715       9.99999980E+10   14.7723713       0.00000000    
         100   7.58824539       9.99999980E+10   15.0000000       0.00000000    
         101   7.79066467       9.99999980E+10   15.2329292       0.00000000    
         102   7.99856472       9.99999980E+10   15.4712849       0.00000000    
         103   8.21208572       9.99999980E+10   15.7151928       0.00000000    
         104   8.43138218       9.99999980E+10   15.9647808       0.00000000    
         105   8.65660667       9.99999980E+10   16.2201843       0.00000000    
         106   8.88791466       9.99999980E+10   16.4815350       0.00000000    
         107   9.12547016       9.99999980E+10   16.7489738       0.00000000    
         108   9.36943436       9.99999980E+10   17.0226421       0.00000000    
         109   9.61998558       9.99999980E+10   17.3026886       0.00000000    
         110   9.87729073       9.99999980E+10   17.5892544       0.00000000    
         111   10.1415291       9.99999980E+10   17.8824959       0.00000000    
         112   10.4128838       9.99999980E+10   18.1825676       0.00000000    
         113   10.6915436       9.99999980E+10   18.4896278       0.00000000    
         114   10.9777002       9.99999980E+10   18.8038425       0.00000000    
         115   11.2715492       9.99999980E+10   19.1253738       0.00000000    
         116   11.5732946       9.99999980E+10   19.4543953       0.00000000    
         117   11.8831463       9.99999980E+10   19.7910824       0.00000000    
         118   12.2013102       9.99999980E+10   20.1356106       0.00000000    
         119   12.5280085       9.99999980E+10   20.4881630       0.00000000    
         120   12.8634644       9.99999980E+10   20.8489304       0.00000000    
         121   13.2078991       9.99999980E+10   21.2180977       0.00000000    
         122   13.5615616       9.99999980E+10   21.5958710       0.00000000    
         123   13.9246731       9.99999980E+10   21.9824371       0.00000000    
         124   14.2974911       9.99999980E+10   22.3780079       0.00000000    
         125   14.6802692       9.99999980E+10   22.7827950       0.00000000    
         126   15.0732584       9.99999980E+10   23.1970081       0.00000000    
         127   15.4767275       9.99999980E+10   23.6208706       0.00000000    
         128   15.8909464       9.99999980E+10   24.0546055       0.00000000    
         129   16.3161945       9.99999980E+10   24.4984436       0.00000000    
         130   16.7527561       9.99999980E+10   24.9526215       0.00000000    
         131   17.2009258       9.99999980E+10   25.4173775       0.00000000    
         132   17.6609936       9.99999980E+10   25.8929577       0.00000000    
         133   18.1332760       9.99999980E+10   26.3796177       0.00000000    
         134   18.6180840       9.99999980E+10   26.8776112       0.00000000    
         135   19.1157436       9.99999980E+10   27.3872128       0.00000000    
         136   19.6265678       9.99999980E+10   27.9086781       0.00000000    
         137   20.1509094       9.99999980E+10   28.4422894       0.00000000    
         138   20.6891117       9.99999980E+10   28.9883289       0.00000000    
         139   21.2415218       9.99999980E+10   29.5470886       0.00000000    
         140   21.8085098       9.99999980E+10   30.1188622       0.00000000    
         141   22.3904514       9.99999980E+10   30.7039566       0.00000000    
         142   22.9877186       9.99999980E+10   31.3026772       0.00000000    
         143   23.6007080       9.99999980E+10   31.9153442       0.00000000    
         144   24.2298164       9.99999980E+10   32.5422821       0.00000000    
         145   24.8754501       9.99999980E+10   33.1838226       0.00000000    
         146   25.5380344       9.99999980E+10   33.8403091       0.00000000    
         147   26.2179985       9.99999980E+10   34.5120850       0.00000000    
         148   26.9157906       9.99999980E+10   35.1995163       0.00000000    
         149   27.6318417       9.99999980E+10   35.9029541       0.00000000    
         150   28.3666248       9.99999980E+10   36.6227760       0.00000000    
         151   29.1206112       9.99999980E+10   37.3593636       0.00000000    
         152   29.8942890       9.99999980E+10   38.1131096       0.00000000    
         153   30.6881618       9.99999980E+10   38.8844147       0.00000000    
         154   31.5027161       9.99999980E+10   39.6736832       0.00000000    
         155   32.3384933       9.99999980E+10   40.4813347       0.00000000    
         156   33.1960106       9.99999980E+10   41.3078003       0.00000000    
         157   34.0758286       9.99999980E+10   42.1535187       0.00000000    
         158   34.9784927       9.99999980E+10   43.0189323       0.00000000    
         159   35.9045982       9.99999980E+10   43.9045067       0.00000000    
         160   36.8547096       9.99999980E+10   44.8107071       0.00000000    
         161   37.8294487       9.99999980E+10   45.7380295       0.00000000    
         162   38.8294144       9.99999980E+10   46.6869392       0.00000000    
         163   39.8552361       9.99999980E+10   47.6579514       0.00000000    
         164   40.9075623       9.99999980E+10   48.6515808       0.00000000    
         165   41.9870682       9.99999980E+10   49.6683578       0.00000000    
         166   43.0944138       9.99999980E+10   50.7088165       0.00000000    
         167   44.2303047       9.99999980E+10   51.7735100       0.00000000    
         168   45.3954391       9.99999980E+10   52.8630028       0.00000000    
         169   46.5905533       9.99999980E+10   53.9778748       0.00000000    
         170   47.8163948       9.99999980E+10   55.1187134       0.00000000    
         171   49.0737228       9.99999980E+10   56.2861290       0.00000000    
         172   50.3633118       9.99999980E+10   57.4807358       0.00000000    
         173   51.6859970       9.99999980E+10   58.7031822       0.00000000    
         174   53.0425453       9.99999980E+10   59.9540901       0.00000000    
         175   54.4338150       9.99999980E+10   61.2341309       0.00000000    
         176   55.8606758       9.99999980E+10   62.5439911       0.00000000    
         177   57.3240089       9.99999980E+10   63.8843613       0.00000000    
         178   58.8247032       9.99999980E+10   65.2559509       0.00000000    
         179   60.3637009       9.99999980E+10   66.6595001       0.00000000    
         180   61.9419098       9.99999980E+10   68.0957260       0.00000000    
         181   63.5603333       9.99999980E+10   69.5654144       0.00000000    
         182   65.2199478       9.99999980E+10   71.0693359       0.00000000    
         183   66.9217758       9.99999980E+10   72.6082840       0.00000000    
         184   68.6668320       9.99999980E+10   74.1830826       0.00000000    
         185   70.4561920       9.99999980E+10   75.7945633       0.00000000    
         186   72.2910004       9.99999980E+10   77.4435959       0.00000000    
         187   74.1722870       9.99999980E+10   79.1310272       0.00000000    
         188   76.1012421       9.99999980E+10   80.8577576       0.00000000    
         189   78.0790024       9.99999980E+10   82.6247101       0.00000000    
         190   80.1068039       9.99999980E+10   84.4328156       0.00000000    
         191   82.1858368       9.99999980E+10   86.2830429       0.00000000    
         192   84.3173904       9.99999980E+10   88.1763687       0.00000000    
         193   86.5027161       9.99999980E+10   90.1137924       0.00000000    
         194   88.7431564       9.99999980E+10   92.0963440       0.00000000    
         195   91.0400620       9.99999980E+10   94.1250763       0.00000000    
         196   93.3947830       9.99999980E+10   96.2010651       0.00000000    
         197   95.8087540       9.99999980E+10   98.3254089       0.00000000    
         198   98.2833939       9.99999980E+10   100.499237       0.00000000    
         199   100.820267       9.99999980E+10   102.723724       0.00000000    
         200   103.420784       9.99999980E+10   105.000000       0.00000000    
         201   106.086555       9.99999980E+10   107.329300       0.00000000    
         202   108.819160       9.99999980E+10   109.712852       0.00000000    
         203   111.620193       9.99999980E+10   112.151924       0.00000000    
         204   114.491371       9.99999980E+10   114.647812       0.00000000    
         205   117.434372       9.99999980E+10   117.201836       0.00000000    
         206   120.450928       9.99999980E+10   119.815346       0.00000000    
         207   123.542885       9.99999980E+10   122.489738       0.00000000    
         208   126.712021       9.99999980E+10   125.226425       0.00000000    
         209   129.960205       9.99999980E+10   128.026855       0.00000000    
         210   133.289413       9.99999980E+10   130.892517       0.00000000    
         211   136.701553       9.99999980E+10   133.824921       0.00000000    
         212   140.198654       9.99999980E+10   136.825638       0.00000000    
         213   143.782791       9.99999980E+10   139.896255       0.00000000    
         214   147.456055       9.99999980E+10   143.038391       0.00000000    
         215   151.220566       9.99999980E+10   146.253708       0.00000000    
         216   155.078613       9.99999980E+10   149.543930       0.00000000    
         217   159.032425       9.99999980E+10   152.910782       0.00000000    
         218   163.084427       9.99999980E+10   156.356155       0.00000000    
         219   167.236771       9.99999980E+10   159.881683       0.00000000    
         220   171.491943       9.99999980E+10   163.489334       0.00000000    
         221   175.852524       9.99999980E+10   167.181030       0.00000000    
         222   180.320999       9.99999980E+10   170.958694       0.00000000    
         223   184.900009       9.99999980E+10   174.824371       0.00000000    
         224   189.592163       9.99999980E+10   178.780090       0.00000000    
         225   194.400238       9.99999980E+10   182.827942       0.00000000    
         226   199.326981       9.99999980E+10   186.970078       0.00000000    
         227   204.375320       9.99999980E+10   191.208710       0.00000000    
         228   209.548141       9.99999980E+10   195.546066       0.00000000    
         229   214.848404       9.99999980E+10   199.984436       0.00000000    
         230   220.279266       9.99999980E+10   204.526215       0.00000000    
         231   225.843826       9.99999980E+10   209.173767       0.00000000    
         232   231.545288       9.99999980E+10   213.929581       0.00000000    
         233   237.386963       9.99999980E+10   218.796173       0.00000000    
         234   243.372269       9.99999980E+10   223.776123       0.00000000    
         235   249.504547       9.99999980E+10   228.872070       0.00000000    
         236   255.787384       9.99999980E+10   234.086716       0.00000000    
         237   262.224426       9.99999980E+10   239.422821       0.00000000    
         238   268.819336       9.99999980E+10   244.883224       0.00000000    
         239   275.575897       9.99999980E+10   250.470810       0.00000000    
         240   282.497986       9.99999980E+10   256.188538       0.00000000    
         241   289.589691       9.99999980E+10   262.039490       0.00000000    
         242   296.854858       9.99999980E+10   268.026703       0.00000000    
         243   304.297852       9.99999980E+10   274.153381       0.00000000    
         244   311.923035       9.99999980E+10   280.422913       0.00000000    
         245   319.734344       9.99999980E+10   286.838318       0.00000000    
         246   327.736542       9.99999980E+10   293.403168       0.00000000    
         247   335.934143       9.99999980E+10   300.120941       0.00000000    
         248   344.331787       9.99999980E+10   306.995178       0.00000000    
         249   352.934296       9.99999980E+10   314.029541       0.00000000    
         250   361.746613       9.99999980E+10   321.227753       0.00000000    
         251   370.773651       9.99999980E+10   328.593658       0.00000000    
         252   380.020630       9.99999980E+10   336.131104       0.00000000    
         253   389.492828       9.99999980E+10   343.844147       0.00000000    
         254   399.195557       9.99999980E+10   351.736816       0.00000000    
         255   409.134338       9.99999980E+10   359.813354       0.00000000    
         256   419.314911       9.99999980E+10   368.078003       0.00000000    
         257   429.742828       9.99999980E+10   376.535187       0.00000000    
         258   440.424133       9.99999980E+10   385.189331       0.00000000    
         259   451.364990       9.99999980E+10   394.045074       0.00000000    
         260   462.571381       9.99999980E+10   403.107086       0.00000000    
         261   474.049805       9.99999980E+10   412.380188       0.00000000    
         262   485.806610       9.99999980E+10   421.869263       0.00000000    
         263   497.848572       9.99999980E+10   431.579407       0.00000000    
         264   510.182281       9.99999980E+10   441.515686       0.00000000    
         265   522.814941       9.99999980E+10   451.683441       0.00000000    
         266   535.753601       9.99999980E+10   462.088043       0.00000000    
         267   549.005432       9.99999980E+10   472.734955       0.00000000    
         268   562.577942       9.99999980E+10   483.629913       0.00000000    
         269   576.479065       9.99999980E+10   494.778870       0.00000000    
         270   590.716187       9.99999980E+10   506.187286       0.00000000    
         271   605.297485       9.99999980E+10   517.861450       0.00000000    
         272   620.231079       9.99999980E+10   529.807495       0.00000000    
         273   635.525391       9.99999980E+10   542.031799       0.00000000    
         274   651.189026       9.99999980E+10   554.540894       0.00000000    
         275   667.230774       9.99999980E+10   567.341309       0.00000000    
         276   683.659668       9.99999980E+10   580.439941       0.00000000    
         277   700.484741       9.99999980E+10   593.843628       0.00000000    
         278   717.715576       9.99999980E+10   607.559570       0.00000000    
         279   735.361816       9.99999980E+10   621.594971       0.00000000    
         280   753.433167       9.99999980E+10   635.957275       0.00000000    
         281   771.939880       9.99999980E+10   650.654114       0.00000000    
         282   790.892334       9.99999980E+10   665.693359       0.00000000    
         283   810.300903       9.99999980E+10   681.082886       0.00000000    
         284   830.176514       9.99999980E+10   696.830811       0.00000000    
         285   850.530518       9.99999980E+10   712.945618       0.00000000    
         286   871.373840       9.99999980E+10   729.435791       0.00000000    
         287   892.718262       9.99999980E+10   746.310059       0.00000000    
         288   914.575867       9.99999980E+10   763.577332       0.00000000    
         289   936.958435       9.99999980E+10   781.246887       0.00000000    
         290   959.878784       9.99999980E+10   799.328003       0.00000000    
         291   983.349365       9.99999980E+10   817.830200       0.00000000    
         292   1007.38354       9.99999980E+10   836.763489       0.00000000    
         293   1031.99438       9.99999980E+10   856.137695       0.00000000    
         294   1057.19580       9.99999980E+10   875.963257       0.00000000    
         295   1083.00220       9.99999980E+10   896.251038       0.00000000    
         296   1109.42651       9.99999980E+10   917.010925       0.00000000    
         297   1136.48438       9.99999980E+10   938.254333       0.00000000    
         298   1164.19092       9.99999980E+10   959.992615       0.00000000    
         299   1192.56091       9.99999980E+10   982.237244       0.00000000    
         300   1221.61047       9.99999980E+10   1005.00000       0.00000000    
         301   1251.35571       9.99999980E+10   1028.29297       0.00000000    
         302   1281.81299       9.99999980E+10   1052.12854       0.00000000    
         303   1312.99915       9.99999980E+10   1076.51929       0.00000000    
         304   1344.93115       9.99999980E+10   1101.47815       0.00000000    
         305   1377.62708       9.99999980E+10   1127.01831       0.00000000    
         306   1411.10474       9.99999980E+10   1153.15344       0.00000000    
         307   1445.38306       9.99999980E+10   1179.89734       0.00000000    
         308   1480.48047       9.99999980E+10   1207.26428       0.00000000    
         309   1516.41650       9.99999980E+10   1235.26855       0.00000000    
         310   1553.21106       9.99999980E+10   1263.92517       0.00000000    
         311   1590.88428       9.99999980E+10   1293.24927       0.00000000    
         312   1629.45667       9.99999980E+10   1323.25635       0.00000000    
         313   1668.95044       9.99999980E+10   1353.96252       0.00000000    
         314   1709.38623       9.99999980E+10   1385.38379       0.00000000    
         315   1750.78723       9.99999980E+10   1417.53711       0.00000000    
         316   1793.17554       9.99999980E+10   1450.43921       0.00000000    
         317   1836.57495       9.99999980E+10   1484.10779       0.00000000    
         318   1881.00928       9.99999980E+10   1518.56067       0.00000000    
         319   1926.50256       9.99999980E+10   1553.81592       0.00000000    
         320   1973.08008       9.99999980E+10   1589.89246       0.00000000    
         321   2020.76843       9.99999980E+10   1626.81018       0.00000000    
         322   2069.59204       9.99999980E+10   1664.58704       0.00000000    
         323   2119.57837       9.99999980E+10   1703.24377       0.00000000    
         324   2170.75488       9.99999980E+10   1742.80090       0.00000000    
         325   2223.14990       9.99999980E+10   1783.27942       0.00000000    
         326   2276.79224       9.99999980E+10   1824.70081       0.00000000    
         327   2331.71045       9.99999980E+10   1867.08704       0.00000000    
         328   2387.93604       9.99999980E+10   1910.46057       0.00000000    
         329   2445.49878       9.99999980E+10   1954.84448       0.00000000    
         330   2504.43066       9.99999980E+10   2000.26208       0.00000000    
         331   2564.76367       9.99999980E+10   2046.73767       0.00000000    
         332   2626.53125       9.99999980E+10   2094.29590       0.00000000    
         333   2689.76611       9.99999980E+10   2142.96167       0.00000000    
         334   2754.50464       9.99999980E+10   2192.76123       0.00000000    
         335   2820.78149       9.99999980E+10   2243.72070       0.00000000    
         336   2888.63208       9.99999980E+10   2295.86719       0.00000000    
         337   2958.09448       9.99999980E+10   2349.22827       0.00000000    
         338   3029.20654       9.99999980E+10   2403.83228       0.00000000    
         339   3102.00659       9.99999980E+10   2459.70825       0.00000000    
         340   3176.53491       9.99999980E+10   2516.88550       0.00000000    
         341   3252.83203       9.99999980E+10   2575.39478       0.00000000    
         342   3330.94043       9.99999980E+10   2635.26709       0.00000000    
         343   3410.90161       9.99999980E+10   2696.53369       0.00000000    
         344   3492.75952       9.99999980E+10   2759.22754       0.00000000    
         345   3576.55859       9.99999980E+10   2823.38159       0.00000000    
         346   3662.34741       9.99999980E+10   2889.03174       0.00000000    
         347   3750.16797       9.99999980E+10   2956.20947       0.00000000    
         348   3840.07056       9.99999980E+10   3024.95190       0.00000000    
         349   3932.10376       9.99999980E+10   3095.29541       0.00000000    
         350   4026.31812       9.99999980E+10   3167.27759       0.00000000    
         351   4122.76514       9.99999980E+10   3240.93652       0.00000000    
         352   4221.49658       9.99999980E+10   3316.31104       0.00000000    
         353   4322.56738       9.99999980E+10   3393.44141       0.00000000    
         354   4426.03125       9.99999980E+10   3472.36816       0.00000000    
         355   4531.94531       9.99999980E+10   3553.13354       0.00000000    
         356   4640.36719       9.99999980E+10   3635.78003       0.00000000    
         357   4751.35596       9.99999980E+10   3720.35181       0.00000000    
         358   4864.97217       9.99999980E+10   3806.89331       0.00000000    
         359   4981.27637       9.99999980E+10   3895.45068       0.00000000    
         360   5100.33252       9.99999980E+10   3986.07080       0.00000000    
         361   5222.20654       9.99999980E+10   4078.80176       0.00000000    
         362   5346.96338       9.99999980E+10   4173.69287       0.00000000    
         363   5474.67090       9.99999980E+10   4270.79395       0.00000000    
         364   5605.39844       9.99999980E+10   4370.15674       0.00000000    
         365   5739.21729       9.99999980E+10   4471.83447       0.00000000    
         366   5876.20020       9.99999980E+10   4575.88037       0.00000000    
         367   6016.42188       9.99999980E+10   4682.34961       0.00000000    
         368   6159.95752       9.99999980E+10   4791.29883       0.00000000    
         369   6306.88623       9.99999980E+10   4902.78613       0.00000000    
         370   6457.28613       9.99999980E+10   5016.87012       0.00000000    
         371   6611.24023       9.99999980E+10   5133.61133       0.00000000    
         372   6768.83594       9.99999980E+10   5253.07471       0.00000000    
         373   6930.14990       9.99999980E+10   5375.31836       0.00000000    
         374   7095.27344       9.99999980E+10   5500.40869       0.00000000    
         375   7264.29785       9.99999980E+10   5628.41309       0.00000000    
         376   7437.31445       9.99999980E+10   5759.39941       0.00000000    
         377   7614.41553       9.99999980E+10   5893.43652       0.00000000    
         378   7795.69727       9.99999980E+10   6030.59570       0.00000000    
         379   7981.25928       9.99999980E+10   6170.94971       0.00000000    
         380   8171.19922       9.99999980E+10   6314.57275       0.00000000    
         381   8365.62305       9.99999980E+10   6461.54150       0.00000000    
         382   8564.63574       9.99999980E+10   6611.93359       0.00000000    
         383   8768.34375       9.99999980E+10   6765.82861       0.00000000    
         384   8976.85840       9.99999980E+10   6923.30811       0.00000000    
         385   9190.29102       9.99999980E+10   7084.45605       0.00000000    
         386   9408.75879       9.99999980E+10   7249.35791       0.00000000    
         387   9632.37988       9.99999980E+10   7418.10059       0.00000000    
         388   9861.27344       9.99999980E+10   7590.77344       0.00000000    
         389   10095.5654       9.99999980E+10   7767.46875       0.00000000    
         390   10335.3818       9.99999980E+10   7948.27979       0.00000000    
         391   10580.8525       9.99999980E+10   8133.30225       0.00000000    
         392   10832.1104       9.99999980E+10   8322.63477       0.00000000    
         393   11089.2900       9.99999980E+10   8516.37695       0.00000000    
         394   11352.5322       9.99999980E+10   8714.63184       0.00000000    
         395   11621.9795       9.99999980E+10   8917.50586       0.00000000    
         396   11897.7754       9.99999980E+10   9125.10449       0.00000000    
         397   12180.0762       9.99999980E+10   9337.54395       0.00000000    
         398   12469.0215       9.99999980E+10   9554.92676       0.00000000    
         399   12764.7725       9.99999980E+10   9777.37207       0.00000000    
         400   13067.4961       9.99999980E+10   10005.0000       0.00000000    
         401   13377.3398       9.99999980E+10   10237.9238       0.00000000    
         402   13694.4971       9.99999980E+10   10476.2852       0.00000000    
         403   14019.1074       9.99999980E+10   10720.1865       0.00000000    
         404   14351.3799       9.99999980E+10   10969.7812       0.00000000    
         405   14691.4600       9.99999980E+10   11225.1768       0.00000000    
         406   15039.5654       9.99999980E+10   11486.5352       0.00000000    
         407   15395.8486       9.99999980E+10   11753.9678       0.00000000    
         408   15760.5352       9.99999980E+10   12027.6426       0.00000000    
         409   16133.7920       9.99999980E+10   12307.6787       0.00000000    
         410   16515.8496       9.99999980E+10   12594.2510       0.00000000    
         411   16906.9023       9.99999980E+10   12887.4990       0.00000000    
         412   17307.1406       9.99999980E+10   13187.5635       0.00000000    
         413   17716.8184       9.99999980E+10   13494.6328       0.00000000    
         414   18136.1133       9.99999980E+10   13808.8389       0.00000000    
         415   18565.2969       9.99999980E+10   14130.3789       0.00000000    
         416   19004.5605       9.99999980E+10   14459.3926       0.00000000    
         417   19454.1758       9.99999980E+10   14796.0869       0.00000000    
         418   19914.3496       9.99999980E+10   15140.6064       0.00000000    
         419   20385.3691       9.99999980E+10   15493.1680       0.00000000    
         420   20867.4492       9.99999980E+10   15853.9248       0.00000000    
         421   21360.8945       9.99999980E+10   16223.1025       0.00000000    
         422   21865.9160       9.99999980E+10   16600.8613       0.00000000    
         423   22382.8418       9.99999980E+10   16987.4375       0.00000000    
         424   22911.8984       9.99999980E+10   17383.0000       0.00000000    
         425   23453.4238       9.99999980E+10   17787.7949       0.00000000    
         426   24007.6543       9.99999980E+10   18201.9980       0.00000000    
         427   24574.9492       9.99999980E+10   18625.8711       0.00000000    
         428   25155.5488       9.99999980E+10   19059.5957       0.00000000    
         429   25749.8281       9.99999980E+10   19503.4434       0.00000000    
         430   26358.0527       9.99999980E+10   19957.6094       0.00000000    
         431   26980.6074       9.99999980E+10   20422.3770       0.00000000    
         432   27617.7637       9.99999980E+10   20897.9473       0.00000000    
         433   28269.9316       9.99999980E+10   21384.6172       0.00000000    
         434   28937.3945       9.99999980E+10   21882.5996       0.00000000    
         435   29620.5801       9.99999980E+10   22392.2070       0.00000000    
         436   30319.8203       9.99999980E+10   22913.6836       0.00000000    
         437   31035.4629       9.99999980E+10   23447.2812       0.00000000    
         438   31767.9590       9.99999980E+10   23993.3359       0.00000000    
         439   32517.6309       9.99999980E+10   24552.0820       0.00000000    
         440   33284.9570       9.99999980E+10   25123.8691       0.00000000    
         441   34070.2773       9.99999980E+10   25708.9492       0.00000000    
         442   34874.0859       9.99999980E+10   26307.6836       0.00000000    
         443   35696.7500       9.99999980E+10   26920.3379       0.00000000    
         444   36538.7773       9.99999980E+10   27547.2910       0.00000000    
         445   37400.5469       9.99999980E+10   28188.8164       0.00000000    
         446   38282.6133       9.99999980E+10   28845.3184       0.00000000    
         447   39185.3516       9.99999980E+10   29517.0781       0.00000000    
         448   40109.3398       9.99999980E+10   30204.5176       0.00000000    
         449   41054.9922       9.99999980E+10   30907.9375       0.00000000    
         450   42022.9102       9.99999980E+10   31627.7773       0.00000000    
         451   43013.5117       9.99999980E+10   32364.3477       0.00000000    
         452   44027.4297       9.99999980E+10   33118.1094       0.00000000    
         453   45065.1172       9.99999980E+10   33889.3945       0.00000000    
         454   46127.2344       9.99999980E+10   34678.6836       0.00000000    
         455   47214.2344       9.99999980E+10   35486.3164       0.00000000    
         456   48326.8281       9.99999980E+10   36312.8008       0.00000000    
         457   49465.4961       9.99999980E+10   37158.4961       0.00000000    
         458   50630.9648       9.99999980E+10   38023.9336       0.00000000    
         459   51823.7422       9.99999980E+10   38909.4844       0.00000000    
         460   53044.5938       9.99999980E+10   39815.7070       0.00000000    
         461   54294.1250       9.99999980E+10   40743.0391       0.00000000    
         462   55572.9297       9.99999980E+10   41691.9258       0.00000000    
         463   56881.8320       9.99999980E+10   42662.9648       0.00000000    
         464   58221.4062       9.99999980E+10   43656.5703       0.00000000    
         465   59592.5039       9.99999980E+10   44673.3672       0.00000000    
         466   60995.7422       9.99999980E+10   45713.8047       0.00000000    
         467   62431.9883       9.99999980E+10   46778.5234       0.00000000    
         468   63901.8984       9.99999980E+10   47867.9922       0.00000000    
         469   65406.3828       9.99999980E+10   48982.8867       0.00000000    
         470   66946.1406       9.99999980E+10   50123.7031       0.00000000    
         471   68522.1328       9.99999980E+10   51291.1445       0.00000000    
         472   70135.0312       9.99999980E+10   52485.7188       0.00000000    
         473   71785.8984       9.99999980E+10   53708.1836       0.00000000    
         474   73475.4531       9.99999980E+10   54959.0586       0.00000000    
         475   75204.7344       9.99999980E+10   56239.1328       0.00000000    
         476   76974.5703       9.99999980E+10   57548.9609       0.00000000    
         477   78786.0312       9.99999980E+10   58889.3633       0.00000000    
         478   80639.9453       9.99999980E+10   60260.9219       0.00000000    
         479   82537.4844       9.99999980E+10   61664.4961       0.00000000    
         480   84479.4688       9.99999980E+10   63100.6914       0.00000000    
         481   86467.1719       9.99999980E+10   64570.4141       0.00000000    
         482   88501.4297       9.99999980E+10   66074.2969       0.00000000    
         483   90583.5703       9.99999980E+10   67613.2891       0.00000000    
         484   92714.4844       9.99999980E+10   69188.0469       0.00000000    
         485   94895.5469       9.99999980E+10   70799.5625       0.00000000    
         486   97127.7188       9.99999980E+10   72448.5391       0.00000000    
         487   99412.4141       9.99999980E+10   74136.0078       0.00000000    
         488   101750.750       9.99999980E+10   75862.7812       0.00000000    
         489   104143.883       9.99999980E+10   77629.6875       0.00000000    
         490   106593.344       9.99999980E+10   79437.8438       0.00000000    
         491   109100.195       9.99999980E+10   81288.0234       0.00000000    
         492   111666.039       9.99999980E+10   83181.3906       0.00000000    
         493   114292.016       9.99999980E+10   85118.7734       0.00000000    
         494   116979.773       9.99999980E+10   87101.3672       0.00000000    
         495   119730.531       9.99999980E+10   89130.0547       0.00000000    
         496   122546.023       9.99999980E+10   91206.0938       0.00000000    
         497   125427.500       9.99999980E+10   93330.3828       0.00000000    
         498   128376.781       9.99999980E+10   95504.2656       0.00000000    
         499   131395.188       9.99999980E+10   97728.6719       0.00000000    
         500   134484.641       9.99999980E+10   100005.000       0.00000000    
         501   137646.484       9.99999980E+10   102334.242       0.00000000    
         502   140882.766       9.99999980E+10   104717.852       0.00000000    
         503   144194.891       9.99999980E+10   107156.867       0.00000000    
         504   147584.969       9.99999980E+10   109652.812       0.00000000    
         505   151054.547       9.99999980E+10   112206.773       0.00000000    
         506   154605.766       9.99999980E+10   114820.344       0.00000000    
         507   158240.250       9.99999980E+10   117494.672       0.00000000    
         508   161960.281       9.99999980E+10   120231.422       0.00000000    
         509   165767.516       9.99999980E+10   123031.789       0.00000000    
         510   169664.391       9.99999980E+10   125897.516       0.00000000    
         511   173652.609       9.99999980E+10   128829.852       0.00000000    
         512   177734.734       9.99999980E+10   131830.641       0.00000000    
         513   181912.781       9.99999980E+10   134901.328       0.00000000    
         514   186188.812       9.99999980E+10   138043.391       0.00000000    
         515   190565.500       9.99999980E+10   141258.781       0.00000000    
         516   195044.828       9.99999980E+10   144548.922       0.00000000    
         517   199629.641       9.99999980E+10   147915.859       0.00000000    
         518   204321.953       9.99999980E+10   151361.062       0.00000000    
         519   209124.797       9.99999980E+10   154886.688       0.00000000    
         520   214040.281       9.99999980E+10   158494.250       0.00000000    
         521   219071.578       9.99999980E+10   162186.031       0.00000000    
         522   224220.812       9.99999980E+10   165963.609       0.00000000    
         523   229491.406       9.99999980E+10   169829.375       0.00000000    
         524   234885.578       9.99999980E+10   173784.984       0.00000000    
         525   240406.875       9.99999980E+10   177832.938       0.00000000    
         526   246057.688       9.99999980E+10   181974.984       0.00000000    
         527   251841.656       9.99999980E+10   186213.703       0.00000000    
         528   257761.344       9.99999980E+10   190550.953       0.00000000    
         529   263820.500       9.99999980E+10   194989.438       0.00000000    
         530   270021.844       9.99999980E+10   199531.094       0.00000000    
         531   276369.312       9.99999980E+10   204178.766       0.00000000    
         532   282865.812       9.99999980E+10   208934.469       0.00000000    
         533   289515.375       9.99999980E+10   213801.172       0.00000000    
         534   296321.031       9.99999980E+10   218781.000       0.00000000    
         535   303287.125       9.99999980E+10   223877.062       0.00000000    
         536   310416.750       9.99999980E+10   229091.578       0.00000000    
         537   317714.469       9.99999980E+10   234427.812       0.00000000    
         538   325183.875       9.99999980E+10   239888.359       0.00000000    
         539   332828.719       9.99999980E+10   245475.812       0.00000000    
         540   340653.844       9.99999980E+10   251193.703       0.00000000    
         541   348662.656       9.99999980E+10   257044.484       0.00000000    
         542   356860.438       9.99999980E+10   263031.844       0.00000000    
         543   365250.750       9.99999980E+10   269158.375       0.00000000    
         544   373838.969       9.99999980E+10   275427.906       0.00000000    
         545   382628.938       9.99999980E+10   281843.156       0.00000000    
         546   391626.375       9.99999980E+10   288408.188       0.00000000    
         547   400835.094       9.99999980E+10   295125.781       0.00000000    
         548   410261.188       9.99999980E+10   302000.188       0.00000000    
         549   419908.812       9.99999980E+10   309034.375       0.00000000    
         550   429784.125       9.99999980E+10   316232.781       0.00000000    
         551   439891.531       9.99999980E+10   323598.469       0.00000000    
         552   450237.594       9.99999980E+10   331136.094       0.00000000    
         553   460826.812       9.99999980E+10   338848.938       0.00000000    
         554   471666.062       9.99999980E+10   346741.812       0.00000000    
         555   482760.312       9.99999980E+10   354818.156       0.00000000    
         556   494116.469       9.99999980E+10   363083.000       0.00000000    
         557   505739.688       9.99999980E+10   371539.969       0.00000000    
         558   517637.531       9.99999980E+10   380194.344       0.00000000    
         559   529815.188       9.99999980E+10   389049.844       0.00000000    
         560   542280.688       9.99999980E+10   398112.094       0.00000000    
         561   555039.375       9.99999980E+10   407384.969       0.00000000    
         562   568099.688       9.99999980E+10   416874.281       0.00000000    
         563   581467.312       9.99999980E+10   426584.156       0.00000000    
         564   595150.938       9.99999980E+10   436520.688       0.00000000    
         565   609157.312       9.99999980E+10   446688.688       0.00000000    
         566   623493.562       9.99999980E+10   457093.031       0.00000000    
         567   638168.812       9.99999980E+10   467740.219       0.00000000    
         568   653189.625       9.99999980E+10   478634.906       0.00000000    
         569   668565.625       9.99999980E+10   489783.875       0.00000000    
         570   684304.000       9.99999980E+10   501192.000       0.00000000    
         571   700414.625       9.99999980E+10   512866.438       0.00000000    
         572   716904.938       9.99999980E+10   524812.188       0.00000000    
         573   733785.438       9.99999980E+10   537036.812       0.00000000    
         574   751063.875       9.99999980E+10   549545.562       0.00000000    
         575   768751.250       9.99999980E+10   562346.312       0.00000000    
         576   786855.688       9.99999980E+10   575444.625       0.00000000    
         577   805388.812       9.99999980E+10   588848.625       0.00000000    
         578   824358.938       9.99999980E+10   602564.188       0.00000000    
         579   843778.562       9.99999980E+10   616599.938       0.00000000    
         580   863656.375       9.99999980E+10   630961.938       0.00000000    
         581   884005.000       9.99999980E+10   645659.125       0.00000000    
         582   904833.938       9.99999980E+10   660698.000       0.00000000    
         583   926156.438       9.99999980E+10   676087.875       0.00000000    
         584   947982.438       9.99999980E+10   691835.438       0.00000000    
         585   970325.812       9.99999980E+10   707950.625       0.00000000    
         586   993196.938       9.99999980E+10   724440.375       0.00000000    
         587   1016610.50       9.99999980E+10   741315.062       0.00000000    
         588   1040577.12       9.99999980E+10   758581.938       0.00000000    
         589   1065112.50       9.99999980E+10   776251.875       0.00000000    
         590   1090228.88       9.99999980E+10   794333.438       0.00000000    
         591   1115939.00       9.99999980E+10   812835.250       0.00000000    
         592   1142259.25       9.99999980E+10   831768.938       0.00000000    
         593   1169202.00       9.99999980E+10   851142.688       0.00000000    
         594   1196784.62       9.99999980E+10   870968.688       0.00000000    
         595   1225019.75       9.99999980E+10   891255.562       0.00000000    
         596   1253925.75       9.99999980E+10   912015.938       0.00000000    
         597   1283515.62       9.99999980E+10   933258.875       0.00000000    
         598   1313809.00       9.99999980E+10   954997.625       0.00000000    
         599   1344819.50       9.99999980E+10   977241.688       0.00000000    
         600   1376567.25       9.99999980E+10   1000005.00       0.00000000    
         601   1409067.38       9.99999980E+10   1023297.44       0.00000000    
         602   1442340.12       9.99999980E+10   1047133.50       0.00000000    
         603   1476401.75       9.99999980E+10   1071523.62       0.00000000    
         604   1511273.62       9.99999980E+10   1096483.12       0.00000000    
         605   1546972.62       9.99999980E+10   1122022.75       0.00000000    
         606   1583521.38       9.99999980E+10   1148158.50       0.00000000    
         607   1620936.88       9.99999980E+10   1174901.75       0.00000000    
         608   1659244.00       9.99999980E+10   1202269.25       0.00000000    
         609   1698460.25       9.99999980E+10   1230272.88       0.00000000    
         610   1738610.75       9.99999980E+10   1258930.12       0.00000000    
         611   1779714.75       9.99999980E+10   1288253.50       0.00000000    
         612   1821799.00       9.99999980E+10   1318261.38       0.00000000    
         613   1864882.88       9.99999980E+10   1348966.75       0.00000000    
         614   1908994.25       9.99999980E+10   1380388.88       0.00000000    
         615   1954156.88       9.99999980E+10   1412542.88       0.00000000    
         616   2000392.88       9.99999980E+10   1445444.25       0.00000000    
         617   2047732.75       9.99999980E+10   1479113.62       0.00000000    
         618   2096198.75       9.99999980E+10   1513565.62       0.00000000    
         619   2145823.00       9.99999980E+10   1548821.88       0.00000000    
         620   2196628.00       9.99999980E+10   1584897.50       0.00000000    
         621   2248647.75       9.99999980E+10   1621815.25       0.00000000    
         622   2301906.25       9.99999980E+10   1659591.12       0.00000000    
         623   2356438.75       9.99999980E+10   1698248.75       0.00000000    
         624   2412270.50       9.99999980E+10   1737804.88       0.00000000    
         625   2469438.75       9.99999980E+10   1778284.38       0.00000000    
         626   2527970.50       9.99999980E+10   1819704.88       0.00000000    
         627   2587903.50       9.99999980E+10   1862092.00       0.00000000    
         628   2649266.50       9.99999980E+10   1905464.50       0.00000000    
         629   2712100.50       9.99999980E+10   1949849.38       0.00000000    
         630   2776434.75       9.99999980E+10   1995266.00       0.00000000    
         631   2842311.25       9.99999980E+10   2041742.62       0.00000000    
         632   2909762.00       9.99999980E+10   2089299.62       0.00000000    
         633   2978831.75       9.99999980E+10   2137966.75       0.00000000    
         634   3049552.50       9.99999980E+10   2187765.00       0.00000000    
         635   3121971.75       9.99999980E+10   2238725.75       0.00000000    
         636   3196123.75       9.99999980E+10   2290870.75       0.00000000    
         637   3272058.25       9.99999980E+10   2344233.25       0.00000000    
         638   3349810.50       9.99999980E+10   2398836.00       0.00000000    
         639   3429432.50       9.99999980E+10   2454713.25       0.00000000    
         640   3510963.00       9.99999980E+10   2511889.25       0.00000000    
         641   3594456.25       9.99999980E+10   2570400.00       0.00000000    
         642   3679954.75       9.99999980E+10   2630273.50       0.00000000    
         643   3767505.50       9.99999980E+10   2691538.75       0.00000000    
         644   3857165.50       9.99999980E+10   2754234.00       0.00000000    
         645   3948979.75       9.99999980E+10   2818386.75       0.00000000    
         646   4043007.00       9.99999980E+10   2884036.75       0.00000000    
         647   4139294.25       9.99999980E+10   2951212.75       0.00000000    
         648   4237906.00       9.99999980E+10   3019956.75       0.00000000    
         649   4338890.00       9.99999980E+10   3090298.75       0.00000000    
         650   4442313.50       9.99999980E+10   3162282.75       0.00000000    
         651   4548227.00       9.99999980E+10   3235939.75       0.00000000    
         652   4656702.00       9.99999980E+10   3311316.00       0.00000000    
         653   4767791.00       9.99999980E+10   3388444.50       0.00000000    
         654   4881569.00       9.99999980E+10   3467373.25       0.00000000    
         655   4998091.50       9.99999980E+10   3548136.50       0.00000000    
         656   5117436.50       9.99999980E+10   3630785.00       0.00000000    
         657   5239664.50       9.99999980E+10   3715354.75       0.00000000    
         658   5364855.50       9.99999980E+10   3801898.25       0.00000000    
         659   5493073.00       9.99999980E+10   3890453.50       0.00000000    
         660   5624402.50       9.99999980E+10   3981075.75       0.00000000    
         661   5758911.00       9.99999980E+10   4073804.50       0.00000000    
         662   5896687.50       9.99999980E+10   4168697.75       0.00000000    
         663   6037801.00       9.99999980E+10   4265796.50       0.00000000    
         664   6182348.50       9.99999980E+10   4365162.00       0.00000000    
         665   6330401.00       9.99999980E+10   4466837.00       0.00000000    
         666   6482058.50       9.99999980E+10   4570885.50       0.00000000    
         667   6637405.50       9.99999980E+10   4677357.00       0.00000000    
         668   6796525.50       9.99999980E+10   4786304.00       0.00000000    
         669   6959528.00       9.99999980E+10   4897794.00       0.00000000    
         670   7126495.00       9.99999980E+10   5011875.00       0.00000000    
         671   7297540.50       9.99999980E+10   5128619.50       0.00000000    
         672   7472749.00       9.99999980E+10   5248077.00       0.00000000    
         673   7652244.50       9.99999980E+10   5370323.00       0.00000000    
         674   7836115.00       9.99999980E+10   5495411.00       0.00000000    
         675   8024490.00       9.99999980E+10   5623418.50       0.00000000    
         676   8217463.00       9.99999980E+10   5754401.00       0.00000000    
         677   8415166.00       9.99999980E+10   5888441.50       0.00000000    
         678   8617702.00       9.99999980E+10   6025597.00       0.00000000    
         679   8825214.00       9.99999980E+10   6165954.50       0.00000000    
         680   9037801.00       9.99999980E+10   6309574.50       0.00000000    
         681   9255618.00       9.99999980E+10   6456546.50       0.00000000    
         682   9478774.00       9.99999980E+10   6606935.00       0.00000000    
         683   9707423.00       9.99999980E+10   6760833.50       0.00000000    
         684   9941686.00       9.99999980E+10   6918309.50       0.00000000    
         685   10181725.0       9.99999980E+10   7079461.50       0.00000000    
         686   10427666.0       9.99999980E+10   7244359.00       0.00000000    
         687   10679681.0       9.99999980E+10   7413105.50       0.00000000    
         688   10937902.0       9.99999980E+10   7585774.50       0.00000000    
         689   11202509.0       9.99999980E+10   7762474.00       0.00000000    
         690   11473640.0       9.99999980E+10   7943280.50       0.00000000    
         691   11751491.0       9.99999980E+10   8128307.50       0.00000000    
         692   12036217.0       9.99999980E+10   8317644.00       0.00000000    
         693   12327984.0       9.99999980E+10   8511382.00       0.00000000    
         694   12626994.0       9.99999980E+10   8709642.00       0.00000000    
         695   12933411.0       9.99999980E+10   8912510.00       0.00000000    
         696   13247454.0       9.99999980E+10   9120114.00       0.00000000    
         697   13569283.0       9.99999980E+10   9332543.00       0.00000000    
         698   13899136.0       9.99999980E+10   9549931.00       0.00000000    
         699   14237187.0       9.99999980E+10   9772372.00       0.00000000    
         700   14583679.0       9.99999980E+10   10000005.0       0.00000000    
         701   14938798.0       9.99999980E+10   10232929.0       0.00000000    
         702   15302801.0       9.99999980E+10   10471290.0       0.00000000    
         703   15675884.0       9.99999980E+10   10715191.0       0.00000000    
         704   16058320.0       9.99999980E+10   10964786.0       0.00000000    
         705   16450314.0       9.99999980E+10   11220182.0       0.00000000    
         706   16852156.0       9.99999980E+10   11481540.0       0.00000000    
         707   17264062.0       9.99999980E+10   11748972.0       0.00000000    
         708   17686334.0       9.99999980E+10   12022647.0       0.00000000    
         709   18119206.0       9.99999980E+10   12302684.0       0.00000000    
         710   18562996.0       9.99999980E+10   12589256.0       0.00000000    
         711   19017944.0       9.99999980E+10   12882490.0       0.00000000    
         712   19484398.0       9.99999980E+10   13182569.0       0.00000000    
         713   19962610.0       9.99999980E+10   13489623.0       0.00000000    
         714   20452934.0       9.99999980E+10   13803843.0       0.00000000    
         715   20955652.0       9.99999980E+10   14125368.0       0.00000000    
         716   21471134.0       9.99999980E+10   14454398.0       0.00000000    
         717   21999696.0       9.99999980E+10   14791091.0       0.00000000    
         718   22541664.0       9.99999980E+10   15135612.0       0.00000000    
         719   23097440.0       9.99999980E+10   15488173.0       0.00000000    
         720   23667348.0       9.99999980E+10   15848930.0       0.00000000    
         721   24251816.0       9.99999980E+10   16218107.0       0.00000000    
         722   24851180.0       9.99999980E+10   16595866.0       0.00000000    
         723   25465900.0       9.99999980E+10   16982444.0       0.00000000    
         724   26096318.0       9.99999980E+10   17378004.0       0.00000000    
         725   26742936.0       9.99999980E+10   17782800.0       0.00000000    
         726   27406122.0       9.99999980E+10   18197004.0       0.00000000    
         727   28086384.0       9.99999980E+10   18620876.0       0.00000000    
         728   28784124.0       9.99999980E+10   19054600.0       0.00000000    
         729   29499886.0       9.99999980E+10   19498448.0       0.00000000    
         730   30234102.0       9.99999980E+10   19952616.0       0.00000000    
         731   30987324.0       9.99999980E+10   20417380.0       0.00000000    
         732   31760018.0       9.99999980E+10   20892952.0       0.00000000    
         733   32552792.0       9.99999980E+10   21379624.0       0.00000000    
         734   33366108.0       9.99999980E+10   21877604.0       0.00000000    
         735   34200628.0       9.99999980E+10   22387212.0       0.00000000    
         736   35056848.0       9.99999980E+10   22908664.0       0.00000000    
         737   35935456.0       9.99999980E+10   23442288.0       0.00000000    
         738   36836988.0       9.99999980E+10   23988316.0       0.00000000    
         739   37762172.0       9.99999980E+10   24547088.0       0.00000000    
         740   38711572.0       9.99999980E+10   25118848.0       0.00000000    
         741   39685956.0       9.99999980E+10   25703952.0       0.00000000    
         742   40685948.0       9.99999980E+10   26302660.0       0.00000000    
         743   41712360.0       9.99999980E+10   26915344.0       0.00000000    
         744   42765868.0       9.99999980E+10   27542296.0       0.00000000    
         745   43847204.0       9.99999980E+10   28183820.0       0.00000000    
         746   44957280.0       9.99999980E+10   28840324.0       0.00000000    
         747   46096768.0       9.99999980E+10   29512084.0       0.00000000    
         748   47266640.0       9.99999980E+10   30199524.0       0.00000000    
         749   48467656.0       9.99999980E+10   30902944.0       0.00000000    
         750   49700812.0       9.99999980E+10   31622780.0       0.00000000    
         751   50966920.0       9.99999980E+10   32359352.0       0.00000000    
         752   52267068.0       9.99999980E+10   33113116.0       0.00000000    
         753   53602092.0       9.99999980E+10   33884400.0       0.00000000    
         754   54973140.0       9.99999980E+10   34673684.0       0.00000000    
         755   56381152.0       9.99999980E+10   35481320.0       0.00000000    
         756   57827324.0       9.99999980E+10   36307804.0       0.00000000    
         757   59312640.0       9.99999980E+10   37153500.0       0.00000000    
         758   60838384.0       9.99999980E+10   38018936.0       0.00000000    
         759   62405632.0       9.99999980E+10   38904488.0       0.00000000    
         760   64015744.0       9.99999980E+10   39810712.0       0.00000000    
         761   65669840.0       9.99999980E+10   40738000.0       0.00000000    
         762   67369400.0       9.99999980E+10   41686932.0       0.00000000    
         763   69115624.0       9.99999980E+10   42657920.0       0.00000000    
         764   70910064.0       9.99999980E+10   43651572.0       0.00000000    
         765   72754048.0       9.99999980E+10   44668324.0       0.00000000    
         766   74649200.0       9.99999980E+10   45708808.0       0.00000000    
         767   76596920.0       9.99999980E+10   46773476.0       0.00000000    
         768   78599000.0       9.99999980E+10   47862996.0       0.00000000    
         769   80657000.0       9.99999980E+10   48977892.0       0.00000000    
         770   82772568.0       9.99999980E+10   50118704.0       0.00000000    
         771   84947656.0       9.99999980E+10   51286148.0       0.00000000    
         772   87183912.0       9.99999980E+10   52480724.0       0.00000000    
         773   89483472.0       9.99999980E+10   53703188.0       0.00000000    
         774   91848064.0       9.99999980E+10   54954064.0       0.00000000    
         775   94279976.0       9.99999980E+10   56234136.0       0.00000000    
         776   96781104.0       9.99999980E+10   57543964.0       0.00000000    
         777   99353896.0       9.99999980E+10   58884368.0       0.00000000    
         778   102000360.       9.99999980E+10   60255924.0       0.00000000    
         779   104723128.       9.99999980E+10   61659500.0       0.00000000    
         780   107524368.       9.99999980E+10   63095696.0       0.00000000    
         781   110406920.       9.99999980E+10   64565420.0       0.00000000    
         782   113373128.       9.99999980E+10   66069304.0       0.00000000    
         783   116426000.       9.99999980E+10   67608296.0       0.00000000    
         784   119568096.       9.99999980E+10   69183056.0       0.00000000    
         785   122802648.       9.99999980E+10   70794568.0       0.00000000    
         786   126132424.       9.99999980E+10   72443544.0       0.00000000    
         787   129560904.       9.99999980E+10   74131016.0       0.00000000    
         788   133091048.       9.99999980E+10   75857704.0       0.00000000    
         789   136726656.       9.99999980E+10   77624696.0       0.00000000    
         790   140470944.       9.99999980E+10   79432760.0       0.00000000    
         791   144327968.       9.99999980E+10   81283032.0       0.00000000    
         792   148301184.       9.99999980E+10   83176312.0       0.00000000    
         793   152395024.       9.99999980E+10   85113776.0       0.00000000    
         794   156613456.       9.99999980E+10   87096376.0       0.00000000    
         795   160960608.       9.99999980E+10   89125064.0       0.00000000    
         796   165441440.       9.99999980E+10   91201096.0       0.00000000    
         797   170060224.       9.99999980E+10   93325392.0       0.00000000    
         798   174822304.       9.99999980E+10   95499272.0       0.00000000    
         799   179732352.       9.99999980E+10   97723680.0       0.00000000    
         800   184796160.       9.99999980E+10   100000008.       0.00000000    
         801   190019056.       9.99999980E+10   102329360.       0.00000000    
         802   195406384.       9.99999980E+10   104712744.       0.00000000    
         803   200965152.       9.99999980E+10   107151872.       0.00000000    
         804   206701184.       9.99999980E+10   109647816.       0.00000000    
         805   212621152.       9.99999980E+10   112201904.       0.00000000    
         806   218731296.       9.99999980E+10   114815232.       0.00000000    
         807   225040064.       9.99999980E+10   117489680.       0.00000000    
         808   231554400.       9.99999980E+10   120226432.       0.00000000    
         809   238282192.       9.99999980E+10   123026928.       0.00000000    
         810   245231024.       9.99999980E+10   125892384.       0.00000000    
         811   252410912.       9.99999980E+10   128824864.       0.00000000    
         812   259830208.       9.99999980E+10   131825648.       0.00000000    
         813   267498400.       9.99999980E+10   134896320.       0.00000000    
         814   275424864.       9.99999980E+10   138038240.       0.00000000    
         815   283621312.       9.99999980E+10   141253632.       0.00000000    
         816   292098048.       9.99999980E+10   144543920.       0.00000000    
         817   300866720.       9.99999980E+10   147910864.       0.00000000    
         818   309938368.       9.99999980E+10   151355904.       0.00000000    
         819   319327488.       9.99999980E+10   154881520.       0.00000000    
         820   329046592.       9.99999980E+10   158489248.       0.00000000    
         821   339109856.       9.99999980E+10   162181024.       0.00000000    
         822   349531936.       9.99999980E+10   165958800.       0.00000000    
         823   360327520.       9.99999980E+10   169824192.       0.00000000    
         824   371515040.       9.99999980E+10   173779984.       0.00000000    
         825   383110848.       9.99999980E+10   177827936.       0.00000000    
         826   395133440.       9.99999980E+10   181970176.       0.00000000    
         827   407600704.       9.99999980E+10   186208496.       0.00000000    
         828   420535648.       9.99999980E+10   190545952.       0.00000000    
         829   433958720.       9.99999980E+10   194984448.       0.00000000    
         830   447892608.       9.99999980E+10   199526320.       0.00000000    
         831   462360544.       9.99999980E+10   204173536.       0.00000000    
         832   477390656.       9.99999980E+10   208929472.       0.00000000    
         833   493009056.       9.99999980E+10   213796176.       0.00000000    
         834   509244736.       9.99999980E+10   218776240.       0.00000000    
         835   526126656.       9.99999980E+10   223871824.       0.00000000    
         836   543690944.       9.99999980E+10   229086592.       0.00000000    
         837   561970880.       9.99999980E+10   234422816.       0.00000000    
         838   581003584.       9.99999980E+10   239883360.       0.00000000    
         839   600826624.       9.99999980E+10   245470544.       0.00000000    
         840   621486208.       9.99999980E+10   251188416.       0.00000000    
         841   643025664.       9.99999980E+10   257039488.       0.00000000    
         842   665493248.       9.99999980E+10   263026848.       0.00000000    
         843   688938624.       9.99999980E+10   269153088.       0.00000000    
         844   713421440.       9.99999980E+10   275422592.       0.00000000    
         845   738999808.       9.99999980E+10   281838176.       0.00000000    
         846   765737152.       9.99999980E+10   288403168.       0.00000000    
         847   793702912.       9.99999980E+10   295121120.       0.00000000    
         848   822968128.       9.99999980E+10   301994848.       0.00000000    
         849   853618880.       9.99999980E+10   309029376.       0.00000000    
         850   885738944.       9.99999980E+10   316227776.       0.00000000    
         851   919422208.       9.99999980E+10   323593824.       0.00000000    
         852   954766912.       9.99999980E+10   331130752.       0.00000000    
         853   991889920.       9.99999980E+10   338843936.       0.00000000    
         854   1.03090874E+09   9.99999980E+10   346736832.       0.00000000    
         855   1.07195309E+09   9.99999980E+10   354813536.       0.00000000    
         856   1.11516211E+09   9.99999980E+10   363077600.       0.00000000    
         857   1.16069990E+09   9.99999980E+10   371534976.       0.00000000    
         858   1.20873370E+09   9.99999980E+10   380189344.       0.00000000    
         859   1.25945101E+09   9.99999980E+10   389045280.       0.00000000    
         860   1.31305344E+09   9.99999980E+10   398106656.       0.00000000    
         861   1.36977856E+09   9.99999980E+10   407379968.       0.00000000    
         862   1.42987392E+09   9.99999980E+10   416869280.       0.00000000    
         863   1.49361818E+09   9.99999980E+10   426579616.       0.00000000    
         864   1.56131584E+09   9.99999980E+10   436515232.       0.00000000    
         865   1.63332480E+09   9.99999980E+10   446683200.       0.00000000    
         866   1.71002624E+09   9.99999980E+10   457088032.       0.00000000    
         867   1.79185370E+09   9.99999980E+10   467735232.       0.00000000    
         868   1.87928666E+09   9.99999980E+10   478629376.       0.00000000    
         869   1.97289306E+09   9.99999980E+10   489778336.       0.00000000    
         870   2.07328858E+09   9.99999980E+10   501187008.       0.00000000    
         871   2.18118554E+09   9.99999980E+10   512861440.       0.00000000    
         872   2.29739546E+09   9.99999980E+10   524807776.       0.00000000    
         873   2.42284006E+09   9.99999980E+10   537031232.       0.00000000    
         874   2.55861939E+09   9.99999980E+10   549540608.       0.00000000    
         875   2.70597171E+09   9.99999980E+10   562341312.       0.00000000    
         876   2.86635494E+09   9.99999980E+10   575440256.       0.00000000    
         877   3.04146278E+09   9.99999980E+10   588843008.       0.00000000    
         878   3.23335091E+09   9.99999980E+10   602559232.       0.00000000    
         879   3.44441190E+09   9.99999980E+10   616594944.       0.00000000    
         880   3.67753574E+09   9.99999980E+10   630957632.       0.00000000    
         881   3.93619584E+09   9.99999980E+10   645653440.       0.00000000    
         882   4.22471629E+09   9.99999980E+10   660692992.       0.00000000    
         883   4.54835866E+09   9.99999980E+10   676082880.       0.00000000    
         884   4.91372698E+09   9.99999980E+10   691831232.       0.00000000    
         885   5.32913818E+09   9.99999980E+10   707944832.       0.00000000    
         886   5.80543744E+09   9.99999980E+10   724435392.       0.00000000    
         887   6.35663974E+09   9.99999980E+10   741310016.       0.00000000    
         888   7.00151398E+09   9.99999980E+10   758577792.       0.00000000    
         889   7.76553882E+09   9.99999980E+10   776246016.       0.00000000    
         890   8.68467200E+09   9.99999980E+10   794327552.       0.00000000    
         891   9.81056410E+09   9.99999980E+10   812830208.       0.00000000    
         892   1.12207862E+10   9.99999980E+10   831763904.       0.00000000    
         893   1.30370488E+10   9.99999980E+10   851136768.       0.00000000    
         894   1.54628659E+10   9.99999980E+10   870962752.       0.00000000    
         895   1.88638065E+10   9.99999980E+10   891250560.       0.00000000    
         896   2.39712850E+10   9.99999980E+10   912010944.       0.00000000    
         897   3.24920484E+10   9.99999980E+10   933254848.       0.00000000    
         898   4.95439667E+10   9.99999980E+10   954991552.       0.00000000    
