 #M_ecl   m_max
   5.09637070       2.51188636    
   5.19459963       2.51188636    
   5.29472113       2.51188636    
   5.39677334       2.57039547    
   5.50079155       2.57039547    
   5.60681438       2.63026762    
   5.71488142       2.63026762    
   5.82503128       2.69153452    
   5.93730450       2.69153452    
   6.05174065       2.69153452    
   6.16838360       2.75422835    
   6.28727388       2.75422835    
   6.40845585       2.81838250    
   6.53197432       2.81838250    
   6.65787220       2.88403106    
   6.78619814       2.88403106    
   6.91699648       2.95120859    
   7.05031538       2.95120859    
   7.18620539       2.95120859    
   7.32471323       3.01995111    
   7.46589184       3.01995111    
   7.60979033       3.09029460    
   7.75646257       3.09029460    
   7.90596294       3.16227674    
   8.05834293       3.16227674    
   8.21366215       3.23593569    
   8.37197304       3.23593569    
   8.53333569       3.31131005    
   8.69781017       3.31131005    
   8.86545277       3.31131005    
   9.03632832       3.38844132    
   9.21049500       3.38844132    
   9.38801956       3.46736813    
   9.56896687       3.46736813    
   9.75340080       3.54813361    
   9.94139004       3.54813361    
   10.1330023       3.63077998    
   10.3283072       3.63077998    
   10.5273790       3.71535182    
   10.7302856       3.71535182    
   10.9371023       3.80189323    
   11.1479053       3.80189323    
   11.3627720       3.89045072    
   11.5817795       3.89045072    
   11.8050117       3.98107076    
   12.0325432       3.98107076    
   12.2644606       3.98107076    
   12.5008469       4.07380199    
   12.7417936       4.07380199    
   12.9873810       4.16869259    
   13.2377014       4.16869259    
   13.4928465       4.26579380    
   13.7529097       4.26579380    
   14.0179853       4.36515713    
   14.2881737       4.36515713    
   14.5635662       4.46683550    
   14.8442659       4.46683550    
   15.1303768       4.57088137    
   15.4220057       4.57088137    
   15.7192516       4.67735100    
   16.0222263       4.67735100    
   16.3310413       4.78630018    
   16.6458092       4.78630018    
   16.9666424       4.89778757    
   17.2936592       4.89778757    
   17.6269855       5.01187134    
   17.9667301       5.01187134    
   18.3130283       5.12861300    
   18.6659966       5.12861300    
   19.0257664       5.24807358    
   19.3924732       5.24807358    
   19.7662449       5.37031651    
   20.1472225       5.37031651    
   20.5355434       5.49540758    
   20.9313488       5.49540758    
   21.3347874       5.62341166    
   21.7459984       5.62341166    
   22.1651382       5.75439787    
   22.5923538       5.75439787    
   23.0278015       5.88843489    
   23.4716415       5.88843489    
   23.9240379       6.02559566    
   24.3851528       6.02559566    
   24.8551559       6.16594934    
   25.3342247       6.16594934    
   25.8225212       6.30957270    
   26.3202267       6.30957270    
   26.8275337       6.45654154    
   27.3446121       6.45654154    
   27.8716564       6.60693359    
   28.4088573       6.60693359    
   28.9564152       6.76082850    
   29.5145245       6.76082850    
   30.0833912       6.91830826    
   30.6632309       6.91830826    
   31.2542381       7.07945633    
   31.8566380       7.07945633    
   32.4706573       7.24435806    
   33.0965004       7.24435806    
   33.7344055       7.41310024    
   34.3846092       7.41310024    
   35.0473404       7.58577347    
   35.7228508       7.58577347    
   36.4113770       7.76246881    
   37.1131859       7.76246881    
   37.8285103       7.94327974    
   38.5576210       7.94327974    
   39.3007965       8.12830448    
   40.0582848       8.12830448    
   40.8303757       8.31763649    
   41.6173439       8.31763649    
   42.4194832       8.51137924    
   43.2370834       8.70963478    
   44.0704422       8.70963478    
   44.9198723       8.91250801    
   45.7856636       8.91250801    
   46.6681557       9.12010670    
   47.5676460       9.12010670    
   48.4844704       9.33254147    
   49.4189682       9.33254147    
   50.3714752       9.54992390    
   51.3423424       9.54992390    
   52.3319206       9.77236938    
   53.3405762       9.77236938    
   54.3686676       9.99999714    
   55.4166107       9.99999714    
   56.4847145       10.2329273    
   57.5734100       10.2329273    
   58.6830902       10.4712820    
   59.8141556       10.4712820    
   60.9670219       10.7151890    
   62.1421089       10.7151890    
   63.3398438       10.9647779    
   64.5606613       11.2201805    
   65.8050156       11.2201805    
   67.0733871       11.4815311    
   68.3661728       11.4815311    
   69.6838684       11.7489710    
   71.0269623       11.7489710    
   72.3959503       12.0226393    
   73.7913208       12.0226393    
   75.2135849       12.3026819    
   76.6632614       12.3026819    
   78.1408768       12.5892544    
   79.6469803       12.5892544    
   81.1821518       12.8824959    
   82.7468643       12.8824959    
   84.3417435       13.1825676    
   85.9673538       13.1825676    
   87.6242981       13.4896288    
   89.3131866       13.8038425    
   91.0346222       13.8038425    
   92.7892303       14.1253748    
   94.5776672       14.1253748    
   96.4005661       14.4543962    
   98.2586594       14.4543962    
   100.152512       14.7910824    
   102.082863       14.7910824    
   104.050423       15.1356106    
   106.055908       15.1356106    
   108.100044       15.4881639    
   110.183578       15.4881639    
   112.307274       15.8489294    
   114.471901       15.8489294    
   116.678314       16.2180977    
   118.927185       16.2180977    
   121.219406       16.5958652    
   123.555809       16.9824333    
   125.937241       16.9824333    
   128.364563       17.3780041    
   130.838684       17.3780041    
   133.360489       17.7827892    
   135.930893       17.7827892    
   138.550842       18.1970024    
   141.221375       18.1970024    
   143.943298       18.6208649    
   146.717682       18.6208649    
   149.545532       19.0545998    
   152.427902       19.0545998    
   155.365814       19.4984398    
   158.360352       19.4984398    
   161.412613       19.9526157    
   164.523712       19.9526157    
   167.694763       20.4173717    
   170.927032       20.8929520    
   174.221497       20.8929520    
   177.579468       21.3796120    
   181.002151       21.3796120    
   184.490814       21.8776054    
   188.046722       21.8776054    
   191.671158       22.3871994    
   195.365463       22.3871994    
   199.130966       22.9086781    
   202.969040       22.9086781    
   206.881210       23.4422894    
   210.868668       23.4422894    
   214.932968       23.9883289    
   219.075623       23.9883289    
   223.298111       24.5470886    
   227.601990       24.5470886    
   231.988831       25.1188622    
   236.460220       25.1188622    
   241.017776       25.7039566    
   245.663193       25.7039566    
   250.398270       26.3026772    
   255.224487       26.9153442    
   260.143707       26.9153442    
   265.157776       27.5422840    
   270.268463       27.5422840    
   275.477661       28.1838245    
   280.787231       28.1838245    
   286.199188       28.8403091    
   291.715424       28.8403091    
   297.337982       29.5120869    
   303.069092       29.5120869    
   308.910492       30.1995106    
   314.864471       30.1995106    
   320.933197       30.9029465    
   327.118927       30.9029465    
   333.423859       31.6227684    
   339.850311       31.6227684    
   346.400635       32.3593559    
   353.077209       32.3593559    
   359.882660       33.1131020    
   366.819092       33.1131020    
   373.889221       33.8844032    
   381.095612       34.6736717    
   388.440887       34.6736717    
   395.927765       35.4813271    
   403.558929       36.3077888    
   411.337189       36.3077888    
   419.265350       37.1535072    
   427.346344       38.0189209    
   435.583313       38.0189209    
   443.978790       38.9044952    
   452.536102       39.8106956    
   461.258362       39.8106956    
   470.148712       40.7380295    
   479.210419       41.6869392    
   488.446808       41.6869392    
   497.861176       42.6579514    
   507.457306       42.6579514    
   517.238098       43.6515808    
   527.207458       44.6683578    
   537.368896       44.6683578    
   547.726257       45.7088165    
   558.283203       46.7735100    
   569.043579       46.7735100    
   580.011414       47.8630028    
   591.190674       47.8630028    
   602.585327       48.9778748    
   614.200012       50.1187134    
   626.038208       50.1187134    
   638.104553       51.2861290    
   650.403442       51.2861290    
   662.939392       52.4807358    
   675.716980       53.7031670    
   688.740845       53.7031670    
   702.015747       54.9540749    
   715.546509       54.9540749    
   729.338440       56.2341156    
   743.395813       57.5439758    
   757.724121       57.5439758    
   772.328613       58.8843460    
   787.214600       58.8843460    
   802.387451       60.2559395    
   817.852783       60.2559395    
   833.616211       61.6594772    
   849.683411       63.0957108    
   866.060364       63.0957108    
   882.753418       64.5653992    
   899.767700       64.5653992    
   917.109985       66.0693130    
   934.786499       66.0693130    
   952.803711       67.6082687    
   971.168152       67.6082687    
   989.886597       69.1830673    
   1008.96582       69.1830673    
   1028.41272       70.7945404    
   1048.23450       70.7945404    
   1068.43896       72.4435577    
   1089.03223       72.4435577    
   1110.02234       74.1310272    
   1131.41711       74.1310272    
   1153.22412       75.8577576    
   1175.45154       75.8577576    
   1198.10742       77.6247101    
   1221.19983       77.6247101    
   1244.73743       79.4328156    
   1268.72864       79.4328156    
   1293.18311       81.2830429    
   1318.10803       81.2830429    
   1343.51343       83.1763687    
   1369.40857       83.1763687    
   1395.80273       85.1137924    
   1422.70557       85.1137924    
   1450.12695       85.1137924    
   1478.07690       87.0963440    
   1506.56567       87.0963440    
   1535.60339       89.1250763    
   1565.20166       89.1250763    
   1595.36963       91.2010651    
   1626.11902       91.2010651    
   1657.46106       91.2010651    
   1689.40710       93.3254089    
   1721.96899       93.3254089    
   1755.15845       93.3254089    
   1788.98767       95.4992371    
   1823.46887       95.4992371    
   1858.61462       97.7236938    
   1894.43884       97.7236938    
   1930.95264       97.7236938    
   1968.17004       99.9999695    
   2006.10486       99.9999695    
   2044.77075       99.9999695    
   2084.18188       102.329239    
   2124.35278       102.329239    
   2165.29785       102.329239    
   2207.03223       104.712852    
   2249.57080       104.712852    
   2292.93066       104.712852    
   2337.12476       107.151863    
   2382.17090       107.151863    
   2428.08521       107.151863    
   2474.88452       109.647812    
   2522.58569       109.647812    
   2571.20630       109.647812    
   2620.76416       109.647812    
   2671.27710       112.201775    
   2722.76514       112.201775    
   2775.24414       112.201775    
   2828.73462       112.201775    
   2883.25610       114.815346    
   2938.82837       114.815346    
   2995.47168       114.815346    
   3053.20679       114.815346    
   3112.05493       117.489670    
   3172.03711       117.489670    
   3233.17529       117.489670    
   3295.49365       117.489670    
   3359.01147       120.226425    
   3423.75366       120.226425    
   3489.74365       120.226425    
   3557.00537       120.226425    
   3625.56348       120.226425    
   3695.44312       123.026787    
   3766.66968       123.026787    
   3839.26904       123.026787    
   3913.26758       123.026787    
   3988.69458       123.026787    
   4065.57324       125.892517    
   4143.93359       125.892517    
   4223.80469       125.892517    
   4305.21484       125.892517    
   4388.19385       125.892517    
   4472.77295       128.824860    
   4558.98145       128.824860    
   4646.85205       128.824860    
   4736.41602       128.824860    
   4827.70898       128.824860    
   4920.75928       128.824860    
   5015.60254       128.824860    
   5112.27393       131.825638    
   5210.80859       131.825638    
   5311.24219       131.825638    
   5413.61182       131.825638    
   5517.95459       131.825638    
   5624.30859       131.825638    
   5732.71240       131.825638    
   5843.20850       134.896317    
   5955.83154       134.896317    
   6070.62500       134.896317    
   6187.63086       134.896317    
   6306.89209       134.896317    
   6428.45215       134.896317    
   6552.35498       134.896317    
   6678.64600       134.896317    
   6807.37109       134.896317    
   6938.57764       138.038391    
   7072.31641       138.038391    
   7208.62939       138.038391    
   7347.56934       138.038391    
   7489.18750       138.038391    
   7633.53516       138.038391    
   7780.66504       138.038391    
   7930.63086       138.038391    
   8083.48682       138.038391    
   8239.28906       138.038391    
   8398.09863       141.253784    
   8559.96484       141.253784    
   8724.95117       141.253784    
   8893.11719       141.253784    
   9064.52441       141.253784    
   9239.23535       141.253784    
   9417.31348       141.253784    
   9598.82422       141.253784    
   9783.83301       141.253784    
   9972.40820       141.253784    
   10164.6172       141.253784    
   10360.5371       141.253784    
   10560.2227       141.253784    
   10763.7676       141.253784    
   10971.2236       144.543930    
   11182.6904       144.543930    
   11398.2217       144.543930    
   11617.9189       144.543930    
   11841.8379       144.543930    
   12070.0850       144.543930    
   12302.7324       144.543930    
   12539.8506       144.543930    
   12781.5518       144.543930    
   13027.8984       144.543930    
   13279.0068       144.543930    
   13534.9414       144.543930    
   13795.8232       144.543930    
   14061.7178       144.543930    
   14332.7539       144.543930    
   14608.9971       144.543930    
   14890.5811       144.543930    
   15177.5928       144.543930    
   15470.1191       144.543930    
   15768.3008       144.543930    
   16072.2129       144.543930    
   16382.0000       147.910858    
   16697.7402       147.910858    
   17019.5840       147.910858    
   17347.6113       147.910858    
   17681.9824       147.910858    
   18022.7969       147.910858    
   18370.1602       147.910858    
   18724.2402       147.910858    
   19085.1230       147.910858    
   19452.9824       147.910858    
   19827.9121       147.910858    
   20210.0879       147.910858    
   20599.6094       147.910858    
   20996.6602       147.910858    
   21401.3418       147.910858    
   21813.8457       147.910858    
   22234.3008       147.910858    
   22662.8359       147.910858    
   23099.6562       147.910858    
   23544.8691       147.910858    
   23998.6895       147.910858    
   24461.2285       147.910858    
   24932.7129       147.910858    
   25413.2539       147.910858    
   25903.0879       147.910858    
   26402.3613       147.910858    
   26911.2305       147.910858    
   27429.9355       147.910858    
   27958.6094       147.910858    
   28497.5020       147.910858    
   29046.7520       147.910858    
   29606.6191       147.910858    
   30177.2441       147.910858    
   30758.9023       147.910858    
   31351.7715       147.910858    
   31956.0312       147.910858    
   32571.9746       147.910858    
   33199.7539       147.910858    
   33839.6680       147.910858    
   34491.8789       147.910858    
   35156.6992       147.910858    
   35834.2969       150.000000    
   36524.9922       150.000000    
   37228.9570       150.000000    
   37946.5352       150.000000    
   38677.9453       150.000000    
   39423.4062       150.000000    
   40183.2812       150.000000    
   40957.7578       150.000000    
   41747.2031       150.000000    
   42551.8242       150.000000    
   43371.9961       150.000000    
   44207.9297       150.000000    
   45060.0234       150.000000    
   45928.5430       150.000000    
   46813.7500       150.000000    
   47716.0703       150.000000    
   48635.7305       150.000000    
   49573.1719       150.000000    
   50528.6250       150.000000    
   51502.5469       150.000000    
   52495.1875       150.000000    
   53507.0156       150.000000    
   54538.2852       150.000000    
   55589.4961       150.000000    
   56660.9023       150.000000    
   57753.0273       150.000000    
   58866.1328       150.000000    
   60000.7617       150.000000    
   61157.2578       150.000000    
   62335.9766       150.000000    
   63537.4844       150.000000    
   64762.0781       150.000000    
   66010.3516       150.000000    
   67282.6016       150.000000    
   68579.4531       150.000000    
   69901.2266       150.000000    
   71248.5547       150.000000    
   72621.7656       150.000000    
   74021.5312       150.000000    
   75448.2734       150.000000    
   76902.4297       150.000000    
   78384.7031       150.000000    
   79895.4609       150.000000    
   81435.4219       150.000000    
   83004.9688       150.000000    
   84604.8672       150.000000    
   86235.5078       150.000000    
   87897.6719       150.000000    
   89591.8672       150.000000    
   91318.6250       150.000000    
   93078.7656       150.000000    
   94872.7266       150.000000    
   96701.3672       150.000000    
   98565.1484       150.000000    
   100464.969       150.000000    
   102401.281       150.000000    
   104375.039       150.000000    
   106386.836       150.000000    
   108437.289       150.000000    
   110527.391       150.000000    
   112657.648       150.000000    
   114829.086       150.000000    
   117042.258       150.000000    
   119298.211       150.000000    
   121597.516       150.000000    
   123941.273       150.000000    
   126330.062       150.000000    
   128765.039       150.000000    
   131246.938       150.000000    
   133776.547       150.000000    
   136355.047       150.000000    
   138983.094       150.000000    
   141661.953       150.000000    
   144392.281       150.000000    
   147175.406       150.000000    
   150012.000       150.000000    
   152903.438       150.000000    
   155850.609       150.000000    
   158854.406       150.000000    
   161916.281       150.000000    
   165036.984       150.000000    
   168218.016       150.000000    
   171460.188       150.000000    
   174765.031       150.000000    
   178133.375       150.000000    
   181566.844       150.000000    
   185066.281       150.000000    
   188633.391       150.000000    
   192269.234       150.000000    
   195974.953       150.000000    
   199752.312       150.000000    
   203602.250       150.000000    
   207526.625       150.000000    
   211526.406       150.000000    
   215603.516       150.000000    
   219758.969       150.000000    
   223994.750       150.000000    
   228312.188       150.000000    
   232712.578       150.000000    
   237198.047       150.000000    
   241769.703       150.000000    
   246429.734       150.000000    
   251179.328       150.000000    
   256020.734       150.000000    
   260955.156       150.000000    
   265985.000       150.000000    
   271111.469       150.000000    
   276337.062       150.000000    
   281663.375       150.000000    
   287092.062       150.000000    
   292625.656       150.000000    
   298265.594       150.000000    
   304014.594       150.000000    
   309874.031       150.000000    
   315846.750       150.000000    
   321934.250       150.000000    
   328139.438       150.000000    
   334464.250       150.000000    
   340910.562       150.000000    
   347481.500       150.000000    
   354178.719       150.000000    
   361005.406       150.000000    
   367963.281       150.000000    
   375055.656       150.000000    
   382284.312       150.000000    
   389652.750       150.000000    
   397163.188       150.000000    
   404817.938       150.000000    
   412620.688       150.000000    
   420573.375       150.000000    
   428679.781       150.000000    
   436941.969       150.000000    
   445363.906       150.000000    
   453947.656       150.000000    
   462697.375       150.000000    
   471615.219       150.000000    
   480705.438       150.000000    
   489970.906       150.000000    
   499414.406       150.000000    
   509040.469       150.000000    
   518851.500       150.000000    
   528852.188       150.000000    
   539045.062       150.000000    
   549435.000       150.000000    
   560024.562       150.000000    
   570818.875       150.000000    
   581821.250       150.000000    
   593035.062       150.000000    
   604465.625       150.000000    
   616115.812       150.000000    
   627991.250       150.000000    
   640094.938       150.000000    
   652432.562       150.000000    
   665007.250       150.000000    
   677825.062       150.000000    
   690889.188       150.000000    
   704205.875       150.000000    
   717779.250       150.000000    
   731613.375       150.000000    
   745715.062       150.000000    
   760087.625       150.000000    
   774738.125       150.000000    
   789670.062       150.000000    
   804890.750       150.000000    
   820403.875       150.000000    
   836216.875       150.000000    
   852334.750       150.000000    
   868762.250       150.000000    
   885507.375       150.000000    
   902574.312       150.000000    
   919971.125       150.000000    
   937702.250       150.000000    
   955776.188       150.000000    
   974197.438       150.000000    
   992974.812       150.000000    
   1012113.00       150.000000    
   1031621.19       150.000000    
   1051505.38       150.000000    
   1071771.62       150.000000    
   1092429.75       150.000000    
   1113484.75       150.000000    
   1134946.88       150.000000    
   1156821.25       150.000000    
   1179118.62       150.000000    
   1201844.50       150.000000    
   1225009.75       150.000000    
   1248621.38       150.000000    
   1272686.88       150.000000    
   1297217.50       150.000000    
   1322219.50       150.000000    
   1347704.88       150.000000    
   1373680.00       150.000000    
   1400157.25       150.000000    
   1427143.25       150.000000    
   1454651.00       150.000000    
   1482689.00       150.000000    
   1511265.75       150.000000    
   1540395.00       150.000000    
   1570083.88       150.000000    
   1600346.75       150.000000    
   1631191.12       150.000000    
   1662631.88       150.000000    
   1694676.75       150.000000    
   1727341.12       150.000000    
   1760633.25       150.000000    
   1794568.88       150.000000    
   1829158.62       150.000000    
   1864413.12       150.000000    
   1900349.12       150.000000    
   1936975.62       150.000000    
   1974310.25       150.000000    
   2012362.25       150.000000    
   2051150.00       150.000000    
   2090683.00       150.000000    
   2130980.25       150.000000    
   2172054.25       150.000000    
   2213917.50       150.000000    
   2256590.00       150.000000    
   2300082.75       150.000000    
   2344416.00       150.000000    
   2389601.50       150.000000    
   2435660.25       150.000000    
   2482604.25       150.000000    
   2530455.50       150.000000    
   2579226.50       150.000000    
   2628940.25       150.000000    
   2679612.50       150.000000    
   2731258.00       150.000000    
   2783902.25       150.000000    
   2837558.00       150.000000    
   2892251.25       150.000000    
   2947995.25       150.000000    
   3004817.00       150.000000    
   3062730.50       150.000000    
   3121763.75       150.000000    
   3181934.75       150.000000    
   3243262.00       150.000000    
   3305775.00       150.000000    
   3369489.00       150.000000    
   3434435.00       150.000000    
   3500628.75       150.000000    
   3568102.25       150.000000    
   3636872.50       150.000000    
   3706972.00       150.000000    
   3778423.00       150.000000    
   3851246.50       150.000000    
   3925478.25       150.000000    
   4001136.25       150.000000    
   4078257.00       150.000000    
   4156859.50       150.000000    
   4236982.00       150.000000    
   4318643.50       150.000000    
   4401884.00       150.000000    
   4486724.00       150.000000    
   4573204.50       150.000000    
   4661351.50       150.000000    
   4751192.50       150.000000    
   4842770.50       150.000000    
   4936108.00       150.000000    
   5031250.00       150.000000    
   5128220.00       150.000000    
   5227065.00       150.000000    
   5327809.50       150.000000    
   5430501.00       150.000000    
   5535172.50       150.000000    
   5641855.00       150.000000    
   5750600.00       150.000000    
   5861435.00       150.000000    
   5974412.00       150.000000    
   6089560.50       150.000000    
   6206935.00       150.000000    
   6326565.00       150.000000    
   6448507.50       150.000000    
   6572793.50       150.000000    
   6699482.00       150.000000    
   6828612.50       150.000000    
   6960224.50       150.000000    
   7094380.50       150.000000    
   7231114.50       150.000000    
   7370492.00       150.000000    
   7512548.00       150.000000    
   7657350.00       150.000000    
   7804934.50       150.000000    
   7955372.50       150.000000    
   8108710.00       150.000000    
   8264993.50       150.000000    
   8424299.00       150.000000    
   8586665.00       150.000000    
   8752171.00       150.000000    
   8920856.00       150.000000    
   9092803.00       150.000000    
   9268054.00       150.000000    
   9446693.00       150.000000    
   9628765.00       150.000000    
   9814356.00       150.000000    
   10003525.0       150.000000    
   10196329.0       150.000000    
   10392860.0       150.000000    
   10593168.0       150.000000    
   10797348.0       150.000000    
   11005451.0       150.000000    
   11217578.0       150.000000    
   11433781.0       150.000000    
   11654164.0       150.000000    
   11878794.0       150.000000    
   12107741.0       150.000000    
   12341114.0       150.000000    
   12578972.0       150.000000    
   12821428.0       150.000000    
   13068542.0       150.000000    
   13320435.0       150.000000    
   13577167.0       150.000000    
   13838863.0       150.000000    
   14105603.0       150.000000    
   14377468.0       150.000000    
   14654590.0       150.000000    
   14937036.0       150.000000    
   15224943.0       150.000000    
   15518382.0       150.000000    
   15817494.0       150.000000    
   16122354.0       150.000000    
   16433108.0       150.000000    
   16749832.0       150.000000    
   17072680.0       150.000000    
   17401752.0       150.000000    
   17737146.0       150.000000    
   18079024.0       150.000000    
   18427472.0       150.000000    
   18782654.0       150.000000    
   19144664.0       150.000000    
   19513672.0       150.000000    
   19889770.0       150.000000    
   20273140.0       150.000000    
   20663898.0       150.000000    
   21062166.0       150.000000    
   21468132.0       150.000000    
   21881900.0       150.000000    
   22303668.0       150.000000    
   22733538.0       150.000000    
   23171720.0       150.000000    
   23618322.0       150.000000    
   24073558.0       150.000000    
   24537542.0       150.000000    
   25010496.0       150.000000    
   25492566.0       150.000000    
   25983900.0       150.000000    
   26484732.0       150.000000    
   26995186.0       150.000000    
   27515510.0       150.000000    
   28045834.0       150.000000    
   28586408.0       150.000000    
   29137370.0       150.000000    
   29698984.0       150.000000    
   30271424.0       150.000000    
   30854862.0       150.000000    
   31449580.0       150.000000    
   32055726.0       150.000000    
   32673592.0       150.000000    
   33303328.0       150.000000    
   33945240.0       150.000000    
   34599488.0       150.000000    
   35266380.0       150.000000    
   35946092.0       150.000000    
   36638940.0       150.000000    
   37345144.0       150.000000    
   38064920.0       150.000000    
   38798608.0       150.000000    
   39546400.0       150.000000    
   40308644.0       150.000000    
   41085536.0       150.000000    
   41877448.0       150.000000    
   42684576.0       150.000000    
   43507308.0       150.000000    
   44345896.0       150.000000    
   45200600.0       150.000000    
   46071828.0       150.000000    
   46959800.0       150.000000    
   47864936.0       150.000000    
   48787464.0       150.000000    
   49727828.0       150.000000    
   50686260.0       150.000000    
   51663224.0       150.000000    
   52659016.0       150.000000    
   53673944.0       150.000000    
   54708492.0       150.000000    
   55762920.0       150.000000    
   56837736.0       150.000000    
   57933200.0       150.000000    
   59049848.0       150.000000    
   60187948.0       150.000000    
   61348052.0       150.000000    
   62530452.0       150.000000    
   63735708.0       150.000000    
   64964192.0       150.000000    
   66216284.0       150.000000    
   67492584.0       150.000000    
   68793408.0       150.000000    
   70119384.0       150.000000    
   71470832.0       150.000000    
   72848408.0       150.000000    
   74252464.0       150.000000    
   75683656.0       150.000000    
   77142432.0       150.000000    
   78629248.0       150.000000    
   80144800.0       150.000000    
   81689480.0       150.000000    
   83264016.0       150.000000    
   84868816.0       150.000000    
   86504632.0       150.000000    
   88171888.0       150.000000    
   89871376.0       150.000000    
   91603520.0       150.000000    
   93369152.0       150.000000    
   95168808.0       150.000000    
   97003056.0       150.000000    
   98872760.0       150.000000    
   100778392.       150.000000    
   102720864.       150.000000    
   104700776.       150.000000    
   106718856.       150.000000    
   108775592.       150.000000    
   110872208.       150.000000    
   113009232.       150.000000    
   115187456.       150.000000    
   117407656.       150.000000    
   119670392.       150.000000    
   121977000.       150.000000    
   124328072.       150.000000    
   126724464.       150.000000    
   129166752.       150.000000    
   131656400.       150.000000    
   134194040.       150.000000    
   136780592.       150.000000    
   139416992.       150.000000    
   142103904.       150.000000    
   144842912.       150.000000    
   147634720.       150.000000    
   150480336.       150.000000    
   153380464.       150.000000    
   156336816.       150.000000    
   159350160.       150.000000    
   162421600.       150.000000    
   165552224.       150.000000    
   168742816.       150.000000    
   171995280.       150.000000    
   175310448.       150.000000    
   178689504.       150.000000    
   182133296.       150.000000    
   185643856.       150.000000    
   189222080.       150.000000    
   192869280.       150.000000    
   196586784.       150.000000    
   200375488.       150.000000    
   204237664.       150.000000    
   208174288.       150.000000    
   212186784.       150.000000    
   216276144.       150.000000    
   220444800.       150.000000    
   224693808.       150.000000    
   229024720.       150.000000    
   233438592.       150.000000    
   237938048.       150.000000    
   242524224.       150.000000    
   247198816.       150.000000    
   251963488.       150.000000    
   256819456.       150.000000    
   261769568.       150.000000    
   266815104.       150.000000    
   271957888.       150.000000    
   277199168.       150.000000    
   282542112.       150.000000    
   287988032.       150.000000    
   293538912.       150.000000    
   299196768.       150.000000    
   304963040.       150.000000    
   310841120.       150.000000    
   316832480.       150.000000    
   322939328.       150.000000    
   329163168.       150.000000    
   335507680.       150.000000    
   341974496.       150.000000    
   348565952.       150.000000    
   355284448.       150.000000    
   362131680.       150.000000    
   369111648.       150.000000    
   376226144.       150.000000    
   383477792.       150.000000    
   390868352.       150.000000    
   398402240.       150.000000    
   406081312.       150.000000    
   413908416.       150.000000    
   421886368.       150.000000    
   430017152.       150.000000    
   438305632.       150.000000    
   446753824.       150.000000    
   455364864.       150.000000    
   464140864.       150.000000    
   473087040.       150.000000    
   482205664.       150.000000    
   491500032.       150.000000    
   500972448.       150.000000    
   510628544.       150.000000    
   520470752.       150.000000    
   530502688.       150.000000    
   540726784.       150.000000    
   551149120.       150.000000    
   561772352.       150.000000    
   572600320.       150.000000    
   583635776.       150.000000    
   594885184.       150.000000    
   606351424.       150.000000    
   618038656.       150.000000    
   629951168.       150.000000    
   642091840.       150.000000    
   654467968.       150.000000    
   667082688.       150.000000    
   679940480.       150.000000    
   693044608.       150.000000    
   706402816.       150.000000    
   720018560.       150.000000    
   733896640.       150.000000    
   748042304.       150.000000    
   762458944.       150.000000    
   777155072.       150.000000    
   792134528.       150.000000    
   807402688.       150.000000    
   822963328.       150.000000    
   838825664.       150.000000    
   854993792.       150.000000    
   871473536.       150.000000    
   888270912.       150.000000    
   905390080.       150.000000    
   922841216.       150.000000    
   940628736.       150.000000    
   958759040.       150.000000    
   977236736.       150.000000    
   996072640.       150.000000    
   1.01527168E+09   150.000000    
