   9.12010670E-02   2.18037923E+16   1.01803972E+15   2.86068100E+12
   9.54992399E-02   2.05367641E+16   9.58880775E+14   3.02321972E+12
  0.100000001       1.93433602E+16   9.03160957E+14   3.19499062E+12
  0.104712851       1.82193093E+16   8.50677530E+14   3.37652194E+12
  0.109647810       1.71605805E+16   8.01244470E+14   3.56836966E+12
  0.114815347       1.61633761E+16   7.54683400E+14   3.77111419E+12
  0.120226420       1.52241182E+16   7.10828697E+14   3.98537707E+12
  0.125892535       1.43394301E+16   6.69521782E+14   4.21181784E+12
  0.131825656       1.35061678E+16   6.30616022E+14   4.45112123E+12
  0.138038427       1.27213098E+16   5.93970422E+14   4.70402099E+12
  0.144543961       1.19820761E+16   5.59454454E+14   4.97129515E+12
  0.151356101       1.12857900E+16   5.26944739E+14   5.25375111E+12
  0.158489287       1.06299678E+16   4.96324038E+14   5.55225763E+12
  0.165958658       1.00122581E+16   4.67482159E+14   5.86772067E+12
  0.173780069       9.43044036E+15   4.40316658E+14   6.20111069E+12
  0.181970075       8.88243045E+15   4.14729860E+14   6.55344481E+12
  0.190546066       8.36627256E+15   3.90629322E+14   6.92579520E+12
  0.199526206       7.88010213E+15   3.67929783E+14   7.31929169E+12
  0.208929583       7.42218989E+15   3.46549234E+14   7.73516008E+12
  0.218776122       6.99088444E+15   3.26411206E+14   8.17465550E+12
  0.229086742       6.58463959E+15   3.07443221E+14   8.63912329E+12
  0.239883259       6.20200418E+15   2.89577735E+14   9.12997640E+12
  0.251188636       5.84160274E+15   2.72750187E+14   9.64872267E+12
  0.263026774       5.50214516E+15   2.56900466E+14   1.01969308E+13
  0.275422841       5.18241223E+15   2.41971864E+14   1.07762973E+13
  0.288403094       4.88126201E+15   2.27911013E+14   1.13885881E+13
  0.301995158       4.59760680E+15   2.14666760E+14   1.20356528E+13
  0.316227734       4.33044077E+15   2.02192531E+14   1.27194880E+13
  0.331131071       4.07879569E+15   1.90442944E+14   1.34421770E+13
  0.346736819       3.84177631E+15   1.79376340E+14   1.42059336E+13
  0.363077998       3.61852981E+15   1.68952605E+14   1.50130676E+13
  0.380189329       3.40825546E+15   1.59134830E+14   1.58660769E+13
  0.398107141       3.21019922E+15   1.49887363E+14   1.67675513E+13
  0.416869342       3.02365349E+15   1.41177387E+14   1.77202465E+13
  0.436515749       2.84794745E+15   1.32973454E+14   1.87270515E+13
  0.457088143       2.68245323E+15   1.25246313E+14   1.97910835E+13
  0.478630036       2.52657357E+15   1.17968223E+14   2.09155659E+13
  0.501187146       2.37411726E+15   1.10849860E+14   2.20515659E+13
  0.524807334       2.13551277E+15   9.97091841E+13   2.22556334E+13
  0.549540818       1.92088829E+15   8.96881782E+13   2.24615402E+13
  0.575439870       1.72783420E+15   8.06742582E+13   2.26693806E+13
  0.602559447       1.55418291E+15   7.25663581E+13   2.28791461E+13
  0.630957246       1.39798407E+15   6.52731933E+13   2.30908284E+13
  0.660693347       1.25748281E+15   5.87131173E+13   2.33044967E+13
  0.691830814       1.13110313E+15   5.28123397E+13   2.35201154E+13
  0.724435866       1.01742427E+15   4.75045529E+13   2.37377621E+13
  0.758577466       9.15171027E+14   4.27302228E+13   2.39574052E+13
  0.794328094       8.23193833E+14   3.84357546E+13   2.41790783E+13
  0.831763685       7.40460683E+14   3.45728447E+13   2.44028067E+13
  0.870963454       6.66042859E+14   3.10981742E+13   2.46285987E+13
  0.912010670       5.99104049E+14   2.79727550E+13   2.48564920E+13
  0.954992354       5.38892869E+14   2.51614305E+13   2.50864678E+13
  0.999999702       4.84732559E+14   2.26326405E+13   2.53185910E+13
   1.04712856       4.36015450E+14   2.12357758E+13   2.36898358E+13
   1.09647810       3.92194872E+14   1.99333186E+13   2.21760822E+13
   1.14815342       3.52778715E+14   1.87183839E+13   2.07685471E+13
   1.20226419       3.17323425E+14   1.75845860E+13   1.94592071E+13
   1.25892508       2.85431816E+14   1.65260464E+13   1.82406254E+13
   1.31825638       2.56745159E+14   1.55373703E+13   1.71059886E+13
   1.38038421       2.30941532E+14   1.46135549E+13   1.60490513E+13
   1.44543970       2.07731328E+14   1.37499771E+13   1.50640410E+13
   1.51356101       1.86853911E+14   1.29423995E+13   1.41456237E+13
   1.58489299       1.68074636E+14   1.21868523E+13   1.32889119E+13
   1.65958655       1.51182798E+14   1.14796999E+13   1.24894052E+13
   1.73780036       1.35988504E+14   1.08175798E+13   1.17429366E+13
   1.81970036       1.22321398E+14   1.01973701E+13   1.10456860E+13
   1.90546060       1.10027692E+14   9.61616229E+12   1.03940977E+13
   1.99526215       9.89696948E+13   9.07131696E+12   9.78492536E+12
   2.08929586       8.90229532E+13   8.56034063E+12   9.21515223E+12
   2.18776131       8.00759659E+13   8.08094532E+12   8.68199694E+12
   2.29086709       7.20281534E+13   7.63099664E+12   8.18287739E+12
   2.39883232       6.47891329E+13   7.20852484E+12   7.71542168E+12
   2.51188636       5.82776688E+13   6.81169388E+12   7.27743516E+12
   2.63026762       5.24200884E+13   6.43795937E+12   6.86489233E+12
   2.75422835       4.71511282E+13   6.08654642E+12   6.47784091E+12
   2.88403106       4.24118583E+13   5.75639545E+12   6.11541372E+12
   3.01995111       3.81488307E+13   5.44572703E+12   5.77508527E+12
   3.16227674       3.43143958E+13   5.15362364E+12   5.45609535E+12
   3.31131005       3.08653379E+13   4.87870326E+12   5.15661260E+12
   3.46736813       2.77628532E+13   4.61972911E+12   4.87503430E+12
   3.63077998       2.49722904E+13   4.37594567E+12   4.61073338E+12
   3.80189323       2.24622113E+13   4.14625353E+12   4.36226936E+12
   3.98107076       2.02044321E+13   3.92975588E+12   4.12859761E+12
   4.16869259       1.81735103E+13   3.72553469E+12   3.90854528E+12
   4.36515713       1.63467871E+13   3.53300591E+12   3.70162375E+12
   4.57088137       1.47036580E+13   3.35135139E+12   3.50677238E+12
   4.78630018       1.32256975E+13   3.17990004E+12   3.32322334E+12
   5.01187134       1.18962919E+13   3.01801800E+12   3.15025156E+12
   5.24807358       1.07005021E+13   2.86512697E+12   2.98718331E+12
   5.49540758       9.62490532E+12   2.72068038E+12   2.83339391E+12
   5.75439787       8.65742409E+12   2.58416443E+12   2.68829799E+12
   6.02559566       7.78718098E+12   2.45510622E+12   2.55135869E+12
   6.30957270       7.00441428E+12   2.33305906E+12   2.42206638E+12
   6.60693359       6.30033010E+12   2.21760795E+12   2.29995551E+12
   6.91830826       5.66701588E+12   2.10836508E+12   2.18458332E+12
   7.24435806       5.09735810E+12   2.00496264E+12   2.07554124E+12
   7.58577347       4.58496147E+12   1.90706208E+12   1.97244840E+12
   7.94327974       4.12406697E+12   1.81434450E+12   1.87494747E+12
   8.31763649       3.70950092E+12   1.72650896E+12   1.78270503E+12
   8.70963478       3.33662650E+12   1.64330222E+12   1.69545630E+12
   9.12010670       3.00121299E+12   1.56440868E+12   1.61281330E+12
   9.54992390       2.69951461E+12   1.48960851E+12   1.53455441E+12
   9.99999714       2.42814157E+12   1.41867142E+12   1.46042546E+12
   10.4712820       2.18404841E+12   1.35138089E+12   1.39018463E+12
   10.9647779       1.96449088E+12   1.28753153E+12   1.32361119E+12
   11.4815311       1.76701624E+12   1.22694966E+12   1.26052414E+12
   12.0226393       1.58937920E+12   1.16942176E+12   1.20066671E+12
   12.5892544       1.42959719E+12   1.11479659E+12   1.14388540E+12
   13.1825676       1.28587845E+12   1.06291495E+12   1.09000910E+12
   13.8038425       1.15661577E+12   1.01363922E+12   1.03889535E+12
   14.4543962       1.04033826E+12   9.66805291E+11   9.90350017E+11
   15.1356106       9.35748829E+11   9.22292650E+11   9.44251339E+11
   15.8489294       8.41673671E+11   8.79977038E+11   9.00465689E+11
   16.5958652       7.57055357E+11   8.39741932E+11   8.58866319E+11
   17.3780041       6.80949645E+11   8.01483784E+11   8.19348177E+11
   18.1970024       6.12488511E+11   7.65082927E+11   7.81771997E+11
   19.0545998       5.50909575E+11   7.30448855E+11   7.46046620E+11
   19.9526157       4.95520973E+11   6.97489949E+11   7.12073806E+11
   20.8929520       4.45705552E+11   6.66124288E+11   6.79769276E+11
   21.8776054       4.00893149E+11   6.36257567E+11   6.49025880E+11
   22.9086781       3.60585363E+11   6.07818088E+11   6.19771003E+11
   23.9883289       3.24330291E+11   5.80732715E+11   5.91926460E+11
   25.1188622       2.91720069E+11   5.54932503E+11   5.65419377E+11
   26.3026772       2.62388138E+11   5.30351194E+11   5.40180185E+11
   27.5422840       2.36008194E+11   5.06931446E+11   5.16149248E+11
   28.8403091       2.12277543E+11   4.84606542E+11   4.93252346E+11
   30.1995106       1.90932500E+11   4.63325495E+11   4.71438033E+11
   31.6227684       1.71733467E+11   4.43035877E+11   4.50650735E+11
   33.1131020       1.54464698E+11   4.23688241E+11   4.30838612E+11
   34.6736717       1.38934338E+11   4.05238120E+11   4.11956445E+11
   36.3077888       1.24965249E+11   3.87638723E+11   3.93952952E+11
   38.0189209       1.12400548E+11   3.70847711E+11   3.76784290E+11
   39.8106956       1.01099086E+11   3.54825535E+11   3.60409203E+11
   41.6869392       9.09336822E+10   3.39534807E+11   3.44788009E+11
   43.6515808       8.17889853E+10   3.24937974E+11   3.29881289E+11
   45.7088165       7.35650775E+10   3.11005217E+11   3.15659321E+11
   47.8630028       6.61679882E+10   2.97702687E+11   3.02085603E+11
   50.1187134       5.95146424E+10   2.84999811E+11   2.89128874E+11
   52.4807358       5.35291372E+10   2.72866378E+11   2.76756890E+11
   54.9540749       4.81465098E+10   2.61278401E+11   2.64945795E+11
   57.5439758       4.33050419E+10   2.50208158E+11   2.53666492E+11
   60.2559395       3.89495480E+10   2.39629992E+11   2.42891588E+11
   63.0957108       3.50327644E+10   2.29523210E+11   2.32600568E+11
   66.0693130       3.15091210E+10   2.19863024E+11   2.22767104E+11
   69.1830673       2.83397775E+10   2.10629738E+11   2.13371109E+11
   72.4435577       2.54891827E+10   2.01803399E+11   2.04391842E+11
   75.8577576       2.29252076E+10   1.93364967E+11   1.95809788E+11
   79.4328156       2.06190961E+10   1.85296503E+11   1.87606303E+11
   83.1763687       1.85449062E+10   1.77580802E+11   1.79763659E+11
   87.0963440       1.66788577E+10   1.70200695E+11   1.72263932E+11
   91.2010651       1.50009211E+10   1.63142402E+11   1.65093343E+11
   95.4992371       1.34909471E+10   1.56388868E+11   1.58233543E+11
   99.9999695       1.21332296E+10   1.49928362E+11   1.51673324E+11
   104.712852       1.09117215E+10   1.43746073E+11   1.45396842E+11
   109.647812       9.81310566E+09   1.37830007E+11   1.39392057E+11
   114.815346       8.82437222E+09   1.32166762E+11   1.33644771E+11
   120.226425       7.93511168E+09   1.26746141E+11   1.28144941E+11
   125.892517       7.13472154E+09   1.21555747E+11   1.22879410E+11
   131.825638       6.41425254E+09   1.16584948E+11   1.17837152E+11
   138.038391       5.76501555E+09   1.11821398E+11   1.13005117E+11
   144.543930       5.17833626E+09   1.07249410E+11   1.08365922E+11
