   9.12010670E-02   241.096161       212.055923       439.775146    
   9.54992399E-02   227.086060       199.733200       406.659637    
  0.100000001       213.889969       188.126755       376.037292    
  0.104712851       201.460876       177.194580       347.721252    
  0.109647810       189.753754       166.897675       321.536896    
  0.114815347       178.727158       157.199265       297.324432    
  0.120226420       168.341156       148.064178       274.935730    
  0.125892535       158.558578       139.460190       254.232498    
  0.131825656       149.344849       131.356064       235.088287    
  0.138038427       140.666443       123.722855       217.385590    
  0.144543961       132.492142       116.533478       201.015976    
  0.151356101       124.793045       109.761581       185.879379    
  0.158489287       117.541313       103.383293       171.882050    
  0.165958658       110.710907       97.3755875       158.939362    
  0.173780069       104.277496       91.7171783       146.970703    
  0.181970075       98.2177734       86.3873901       135.903549    
  0.190546066       92.5103073       81.3674088       125.669800    
  0.199526206       87.1345749       76.6390991       116.206635    
  0.208929583       82.0711517       72.1855469       107.456108    
  0.218776122       77.3019180       67.9908676       99.3644791    
  0.229086742       72.8098831       64.0398102       91.8820267    
  0.239883259       68.5788651       60.3184853       84.9632874    
  0.251188636       64.5937424       56.8133621       78.5653152    
  0.263026774       60.8401833       53.5119019       72.6492233    
  0.275422841       57.3047218       50.4023094       67.1785660    
  0.288403094       53.9747009       47.4734306       62.1199532    
  0.301995158       50.8382301       44.7146492       57.4422112    
  0.316227734       47.8839912       42.1163292       53.1166496    
  0.331131071       45.1014519       39.6689034       49.1168861    
  0.346736819       42.4805908       37.3637543       45.4183273    
  0.363077998       40.0120049       35.1925049       41.9982414    
  0.380189329       37.6868858       33.1474495       38.8356972    
  0.398107141       35.4969025       31.2212315       35.9112625    
  0.416869342       33.4341545       29.4069710       33.2071114    
  0.436515749       31.4912987       27.6981659       30.7065468    
  0.457088143       29.6613121       26.0885601       28.3942585    
  0.478630036       27.9376793       24.5725517       26.2561245    
  0.501187146       26.2518864       23.0898056       24.2215099    
  0.524807334       23.6135273       20.7692337       21.3895168    
  0.549540818       21.2402973       18.6818790       18.8886642    
  0.575439870       19.1056004       16.8043041       16.6802082    
  0.602559447       17.1854382       15.1154308       14.7299500    
  0.630957246       15.4582644       13.5962801       13.0077143    
  0.660693347       13.9046669       12.2298326       11.4868536    
  0.691830814       12.5072212       11.0006971       10.1438084    
  0.724435866       11.2501993       9.89509106       8.95780182    
  0.758577466       10.1195316       8.90063190       7.91045809    
  0.794328094       9.10249329       8.00609303       6.98555851    
  0.831763685       8.18767452       7.20144892       6.16879845    
  0.870963454       7.36479092       6.47769403       5.44754839    
  0.912010670       6.62461472       5.82666874       4.81062031    
  0.954992354       5.95882463       5.24107599       4.24815845    
  0.999999702       5.35995054       4.71434116       3.75146985    
   1.04712856       4.82126236       4.26299429       3.39432979    
   1.09647810       4.33671188       3.85515261       3.07143879    
   1.14815342       3.90086126       3.48659587       2.77949500    
   1.20226419       3.50009179       3.13508320       2.50338411    
   1.25892508       3.13847995       2.81546903       2.25235820    
   1.31825638       2.81415606       2.52894092       2.02684283    
   1.38038421       2.52328515       2.27205873       1.82422507    
   1.44543970       2.26096821       2.03885341       1.64022744    
   1.51356101       2.02716589       1.83253074       1.47678173    
   1.58489299       1.81749666       1.64742768       1.32985973    
   1.65958655       1.62947094       1.48131180       1.19775772    
   1.73780036       1.46086085       1.33221900       1.07897127    
   1.81970036       1.30966270       1.19837809      0.972139359    
   1.90546060       1.17328906       1.07679164      0.875062168    
   1.99526215       1.05179381      0.969011247      0.788706005    
   2.08929586      0.942853928      0.872195065      0.711002409    
   2.18776131      0.845174253      0.785212159      0.641071081    
   2.29086709      0.757594287      0.707046330      0.578124046    
   2.39883232      0.679069519      0.636791468      0.521454573    
   2.51188636      0.608667016      0.573633015      0.470427334    
   2.63026762      0.545549095      0.516844869      0.424473614    
   2.75422835      0.488960832      0.465773135      0.383080423    
   2.88403106      0.438230783      0.419833630      0.345789582    
   3.01995111      0.392751843      0.378502995      0.312188774    
   3.16227674      0.351982206      0.341311008      0.281906664    
   3.31131005      0.315435469      0.307836831      0.254611701    
   3.46736813      0.282674640      0.277702987      0.230003580    
   3.63077998      0.253308296      0.250571042      0.207814813    
   3.80189323      0.226985842      0.226137161      0.187803745    
   3.98107076      0.203548580      0.204357833      0.169921696    
   4.16869259      0.182386547      0.184506640      0.153619930    
   4.36515713      0.163419083      0.166618615      0.138909817    
   4.57088137      0.146419421      0.150496781      0.125633508    
   4.78630018      0.131183848      0.135963812      0.113649197    
   5.01187134      0.117529668      0.122860879      0.102829412    
   5.24807358      0.105293080      0.111044392       9.30585638E-02
   5.49540758       9.43273231E-02  0.100386031       8.42335969E-02
   5.75439787       8.45700279E-02   9.08651501E-02   7.63322487E-02
   6.02559566       7.57576451E-02   8.21784884E-02   6.91216215E-02
   6.30957270       6.78611174E-02   7.43385181E-02   6.26052842E-02
   6.60693359       6.07855134E-02   6.72611222E-02   5.67150824E-02
   6.91830826       5.44456132E-02   6.08710758E-02   5.13899848E-02
   7.24435806       4.87651601E-02   5.51001281E-02   4.65746671E-02
   7.58577347       4.37135175E-02   4.99365963E-02   4.22567800E-02
   7.94327974       3.91501077E-02   4.52218652E-02   3.83132622E-02
   8.31763649       3.50617617E-02   4.09613699E-02   3.47451232E-02
   8.70963478       3.13991085E-02   3.71104963E-02   3.15159932E-02
   9.12010670       2.81179715E-02   3.36292088E-02   2.85931416E-02
   9.54992390       2.51787007E-02   3.04812435E-02   2.59469058E-02
   9.99999714       2.25662980E-02   2.76598632E-02   2.35702712E-02
   10.4712820       2.02058759E-02   2.50816979E-02   2.13979259E-02
   10.9647779       1.80916246E-02   2.27489099E-02   1.94299556E-02
   11.4815311       1.61978789E-02   2.06377618E-02   1.76467951E-02
   12.0226393       1.45017654E-02   1.87266916E-02   1.60307195E-02
   12.5892544       1.29826823E-02   1.69963799E-02   1.45657565E-02
   13.1825676       1.16333673E-02   1.54429283E-02   1.32479183E-02
   13.8038425       1.04139317E-02   1.40222125E-02   1.20423613E-02
   14.4543962       9.32191033E-03   1.27350464E-02   1.09488433E-02
   15.1356106       8.34400021E-03   1.15686227E-02   9.95675754E-03
   15.8489294       7.46834418E-03   1.05113871E-02   9.05651599E-03
   16.5958652       6.68426184E-03   9.55290999E-03   8.23942292E-03
   17.3780041       5.98221319E-03   8.68374854E-03   7.49764312E-03
   18.1970024       5.35364542E-03   7.89542682E-03   6.82409387E-03
   19.0545998       4.79584094E-03   7.18601327E-03   6.21683197E-03
   19.9526157       4.29154560E-03   6.53649261E-03   5.66069037E-03
   20.8929520       3.84008512E-03   5.94699476E-03   5.15538687E-03
   21.8776054       3.43594025E-03   5.41184936E-03   4.69617127E-03
   22.9086781       3.07416613E-03   4.92592575E-03   4.27874271E-03
   23.9883289       2.75034388E-03   4.48461762E-03   3.89923132E-03
   25.1188622       2.46049836E-03   4.08373121E-03   3.55411903E-03
   26.3026772       2.20107823E-03   3.71948350E-03   3.24021745E-03
   27.5422840       1.96890254E-03   3.38845630E-03   2.95463856E-03
   28.8403091       1.75913190E-03   3.08532896E-03   2.69303960E-03
   30.1995106       1.57337682E-03   2.81196041E-03   2.45670229E-03
   31.6227684       1.40715425E-03   2.56335572E-03   2.24155281E-03
   33.1131020       1.25841983E-03   2.33721547E-03   2.04565306E-03
   34.6736717       1.12533872E-03   2.13147304E-03   1.86724216E-03
   36.3077888       1.00507180E-03   1.94293412E-03   1.70369458E-03
   38.0189209       8.98660917E-04   1.77264761E-03   1.55572663E-03
   39.8106956       8.02487717E-04   1.61654956E-03   1.42004562E-03
   41.6869392       7.17423100E-04   1.47547876E-03   1.29722035E-03
   43.6515808       6.40535029E-04   1.34612608E-03   1.18456315E-03
   45.7088165       5.72555407E-04   1.22915593E-03   1.08252314E-03
   47.8630028       5.11102029E-04   1.12187152E-03   9.88903455E-04
   50.1187134       4.56199690E-04   1.02416833E-03   9.03559616E-04
   52.4807358       4.07152722E-04   9.35169461E-04   8.25744006E-04
   54.9540749       3.63341183E-04   8.54081882E-04   7.54776644E-04
   57.5439758       3.24209483E-04   7.80185568E-04   6.90042099E-04
   60.2559395       2.89260643E-04   7.12828594E-04   6.30980590E-04
   63.0957108       2.57692940E-04   6.51042035E-04   5.76784310E-04
   66.0693130       2.29858342E-04   5.95077814E-04   5.27618511E-04
   69.1830673       2.04713579E-04   5.43725211E-04   4.82489238E-04
   72.4435577       1.82289863E-04   4.96908324E-04   4.41306416E-04
   75.8577576       1.62295109E-04   4.54216177E-04   4.03716607E-04
   79.4328156       1.44251477E-04   4.15052375E-04   3.69220157E-04
   83.1763687       1.28184169E-04   3.79346951E-04   3.37738922E-04
   87.0963440       1.13879330E-04   3.46786488E-04   3.09003604E-04
   91.2010651       1.00984173E-04   3.16921738E-04   2.82635534E-04
   95.4992371       8.95202174E-05   2.89691990E-04   2.58570188E-04
   99.9999695       7.91979764E-05   2.64722999E-04   2.36493113E-04
   104.712852       6.99146913E-05   2.41836999E-04   2.16247121E-04
   109.647812       6.20147694E-05   2.21301132E-04   1.98032896E-04
   114.815346       5.47923228E-05   2.02291558E-04   1.81177325E-04
   120.226425       4.83871845E-05   1.84899996E-04   1.65743142E-04
   125.892517       4.25448416E-05   1.68782470E-04   1.51443353E-04
   131.825638       3.71545102E-05   1.53727655E-04   1.38096249E-04
   138.038391       3.20626859E-05   1.39419091E-04   1.25432314E-04
   144.543930       2.69036191E-05   1.25040053E-04   1.12760725E-04
