   9.12010670E-02   45828388.0       246.604004    
   9.54992399E-02   43165284.0       221.819717    
  0.100000001       40656920.0       199.526199    
  0.104712851       38294332.0       179.473358    
  0.109647810       36069036.0       161.435867    
  0.114815347       33973052.0       145.211197    
  0.120226420       31998866.0       130.617126    
  0.125892535       30139394.0       117.489754    
  0.131825656       28387984.0       105.681778    
  0.138038427       26738342.0       95.0604706    
  0.144543961       25184570.0       85.5066833    
  0.151356101       23721086.0       76.9130630    
  0.158489287       22342646.0       69.1831207    
  0.165958658       21044306.0       62.2300529    
  0.173780069       19821408.0       55.9757652    
  0.181970075       18669578.0       50.3500633    
  0.190546066       17584682.0       45.2897568    
  0.199526206       16562830.0       40.7380371    
  0.208929583       15600358.0       36.6437683    
  0.218776122       14693815.0       32.9609833    
  0.229086742       13839950.0       29.6483192    
  0.239883259       13035706.0       26.6685925    
  0.251188636       12278194.0       23.9883289    
  0.263026774       11564705.0       21.5774479    
  0.275422841       10892675.0       19.4088631    
  0.288403094       10259698.0       17.4582291    
  0.301995158       9663501.00       15.7036285    
  0.316227734       9101953.00       14.1253777    
  0.331131071       8573035.00       12.7057447    
  0.346736819       8074852.00       11.4287853    
  0.363077998       7605619.50       10.2801666    
  0.380189329       7163654.00       9.24698544    
  0.398107141       6747370.50       8.31763840    
  0.416869342       6355278.00       7.48169661    
  0.436515749       5985971.00       6.72976923    
  0.457088143       5638123.50       6.05341005    
  0.478630036       5310490.00       5.44502783    
  0.501187146       4990047.50       4.89778996    
  0.524807334       4488536.50       4.40555096    
  0.549540818       4037426.25       3.96278119    
  0.575439870       3631655.50       3.56451225    
  0.602559447       3266666.00       3.20627093    
  0.630957246       2938357.75       2.88403249    
  0.660693347       2643045.50       2.59418011    
  0.691830814       2377413.50       2.33345914    
  0.724435866       2138477.25       2.09894037    
  0.758577466       1923555.12       1.88799191    
  0.794328094       1730233.38       1.69824433    
  0.831763685       1556340.50       1.52756643    
  0.870963454       1399924.75       1.37404251    
  0.912010670       1259229.00       1.23594797    
  0.954992354       1132673.62       1.11173236    
  0.999999702       1018837.31       1.00000072    
   1.04712856       916441.000      0.899497569    
   1.09647810       824336.625      0.809096038    
   1.14815342       741489.000      0.727780104    
   1.20226419       666967.625      0.654636502    
   1.25892508       599935.812      0.588844001    
   1.31825638       539640.875      0.529663801    
   1.38038421       485405.375      0.476431042    
   1.44543970       436620.969      0.428548574    
   1.51356101       392739.594      0.385478497    
   1.58489299       353268.312      0.346736968    
   1.65958655       317764.031      0.311889112    
   1.73780036       285828.000      0.280543536    
   1.81970036       257101.625      0.252348244    
   1.90546060       231262.172      0.226986527    
   1.99526215       208019.781      0.204173848    
   2.08929586       187113.297      0.183653891    
   2.18776131       168307.969      0.165196240    
   2.29086709       151392.641      0.148593649    
   2.39883232       136177.312      0.133659631    
   2.51188636       122491.109      0.120226458    
   2.63026762       110180.484      0.108143434    
   2.75422835       99107.0781       9.72747579E-02
   2.88403106       89146.5781       8.74984115E-02
   3.01995111       80187.1406       7.87046179E-02
   3.16227674       72128.1562       7.07946271E-02
   3.31131005       64879.1094       6.36796057E-02
   3.46736813       58358.5703       5.72796203E-02
   3.63077998       52493.3984       5.15228845E-02
   3.80189323       47217.6914       4.63447161E-02
   3.98107076       42472.2031       4.16869633E-02
   4.16869259       38203.6484       3.74973267E-02
   4.36515713       34364.0898       3.37287560E-02
   4.57088137       30910.4043       3.03389225E-02
   4.78630018       27803.8359       2.72897892E-02
   5.01187134       25009.4844       2.45471019E-02
   5.24807358       22495.9707       2.20800582E-02
   5.49540758       20235.0723       1.98609605E-02
   5.75439787       18201.4023       1.78648885E-02
   6.02559566       16372.1084       1.60694160E-02
   6.30957270       14726.6738       1.44544030E-02
   6.60693359       13246.6084       1.30017009E-02
   6.91830826       11915.2939       1.16950003E-02
   7.24435806       10717.7783       1.05196247E-02
   7.58577347       9640.61719       9.46237892E-03
   7.94327974       8671.71289       8.51138774E-03
   8.31763649       7800.18164       7.65596936E-03
   8.70963478       7016.24414       6.88652555E-03
   9.12010670       6311.09570       6.19441411E-03
   9.54992390       5676.81543       5.57186082E-03
   9.99999714       5106.28271       5.01187611E-03
   10.4712820       4593.08936       4.50817076E-03
   10.9647779       4131.47314       4.05508932E-03
   11.4815311       3716.25073       3.64754349E-03
   12.0226393       3342.75854       3.28095653E-03
   12.5892544       3006.80005       2.95120943E-03
   13.1825676       2704.60938       2.65460578E-03
   13.8038425       2432.78979       2.38781166E-03
   14.4543962       2188.28906       2.14783126E-03
   15.1356106       1968.36072       1.93196908E-03
   15.8489294       1770.53589       1.73780171E-03
   16.5958652       1592.59302       1.56314869E-03
   17.3780041       1432.53369       1.40604854E-03
   18.1970024       1288.56079       1.26473745E-03
   19.0545998       1159.05750       1.13762845E-03
   19.9526157       1042.56946       1.02329405E-03
   20.8929520       937.788818       9.20450664E-04
   21.8776054       843.538818       8.27943208E-04
   22.9086781       758.760193       7.44731980E-04
   23.9883289       682.503052       6.69884728E-04
   25.1188622       613.909973       6.02559827E-04
   26.3026772       552.210510       5.42001100E-04
   27.5422840       496.712036       4.87528683E-04
   28.8403091       446.791412       4.38530988E-04
   30.1995106       401.887787       3.94457573E-04
   31.6227684       361.497131       3.54813674E-04
   33.1131020       325.165833       3.19154060E-04
   34.6736717       292.485931       2.87078350E-04
   36.3077888       263.090424       2.58226326E-04
   38.0189209       236.649231       2.32273989E-04
   39.8106956       212.865433       2.08929909E-04
   41.6869392       191.471680       1.87931699E-04
   43.6515808       172.228348       1.69044142E-04
   45.7088165       154.918991       1.52054796E-04
   47.8630028       139.349289       1.36772956E-04
   50.1187134       125.344360       1.23026955E-04
   52.4807358       112.746948       1.10662448E-04
   54.9540749       101.415619       9.95406153E-05
   57.5439758       91.2231216       8.95365592E-05
   60.2559395       82.0549774       8.05379168E-05
   63.0957108       73.8082657       7.24436759E-05
   66.0693130       66.3903656       6.51629234E-05
   69.1830673       59.7179680       5.86138849E-05
   72.4435577       53.7161827       5.27230623E-05
   75.8577576       48.3175163       4.74242079E-05
   79.4328156       43.4615021       4.26579718E-05
   83.1763687       39.0935135       3.83707411E-05
   87.0963440       35.1645279       3.45143962E-05
   91.2010651       31.6304092       3.10456162E-05
   95.4992371       28.4514771       2.79254582E-05
   99.9999695       25.5920410       2.51188867E-05
   104.712852       23.0199642       2.25943641E-05
   109.647812       20.7064037       2.03235777E-05
   114.815346       18.6253643       1.82810127E-05
   120.226425       16.7534695       1.64437261E-05
   125.892517       15.0697079       1.47910941E-05
   131.825638       13.5551682       1.33045560E-05
   138.038391       12.1928396       1.19674150E-05
   144.543930       10.9674320       1.07646629E-05
