   9.12010670E-02   363.855194       263.951294       263.951294    
   9.54992399E-02   342.711517       248.613007       248.613007    
  0.100000001       322.796295       234.165848       234.165848    
  0.104712851       304.038391       220.558487       220.558487    
  0.109647810       286.370850       207.741547       207.741547    
  0.114815347       269.729523       195.669830       195.669830    
  0.120226420       254.055603       184.299194       184.299194    
  0.125892535       239.292175       173.589493       173.589493    
  0.131825656       225.386871       163.502228       163.502228    
  0.138038427       212.289551       154.001038       154.001038    
  0.144543961       199.953262       145.051804       145.051804    
  0.151356101       188.334000       136.622971       136.622971    
  0.158489287       177.389709       128.683640       128.683640    
  0.165958658       167.081497       121.205772       121.205772    
  0.173780069       157.372375       114.162521       114.162521    
  0.181970075       148.227448       107.528511       107.528511    
  0.190546066       139.613800       101.279945       101.279945    
  0.199526206       131.500854       95.3945312       95.3945312    
  0.208929583       123.859215       89.8511581       89.8511581    
  0.218776122       116.661766       84.6298904       84.6298904    
  0.229086742       109.882469       79.7120056       79.7120056    
  0.239883259       103.497192       75.0798569       75.0798569    
  0.251188636       97.4829559       70.7169418       70.7169418    
  0.263026774       91.8181610       66.6075821       66.6075821    
  0.275422841       86.4825821       62.7369843       62.7369843    
  0.288403094       81.4569855       59.0913544       59.0913544    
  0.301995158       76.7235107       55.6574478       55.6574478    
  0.316227734       72.2651291       52.4232330       52.4232330    
  0.331131071       68.0657501       49.3768883       49.3768883    
  0.346736819       64.1104279       46.5075645       46.5075645    
  0.363077998       60.3849258       43.8050041       43.8050041    
  0.380189329       56.8759346       41.2594681       41.2594681    
  0.398107141       53.5708885       38.8618774       38.8618774    
  0.416869342       50.4578209       36.6035843       36.6035843    
  0.436515749       47.5257072       34.4765396       34.4765396    
  0.457088143       44.7639580       32.4730759       32.4730759    
  0.478630036       42.1627159       30.5860596       30.5860596    
  0.501187146       39.6185455       28.7404785       28.7404785    
  0.524807334       35.6368141       25.8519878       25.8519878    
  0.549540818       32.0552177       23.2537861       23.2537861    
  0.575439870       28.8335819       20.9167290       20.9167290    
  0.602559447       25.9357471       18.8145428       18.8145428    
  0.630957246       23.3291531       16.9236488       16.9236488    
  0.660693347       20.9845066       15.2227688       15.2227688    
  0.691830814       18.8755169       13.6928453       13.6928453    
  0.724435866       16.9784737       12.3166866       12.3166866    
  0.758577466       15.2721090       11.0788193       11.0788193    
  0.794328094       13.7372274       9.96537304       9.96537304    
  0.831763685       12.3565960       8.96382427       8.96382427    
  0.870963454       11.1147251       8.06294727       8.06294727    
  0.912010670       9.99766922       7.25260592       7.25260592    
  0.954992354       8.99288273       6.52370214       6.52370214    
  0.999999702       8.08907318       5.86805344       5.86805344    
   1.04712856       7.27610111       5.31895113       5.31895113    
   1.09647810       6.54483414       4.82180882       4.82180882    
   1.14815342       5.88706207       4.37164497       4.37164497    
   1.20226419       5.29540396       3.96399212       3.96399212    
   1.25892508       4.76320314       3.59478593       3.59478593    
   1.31825638       4.28448820       3.26037240       3.26037240    
   1.38038421       3.85388494       2.95743704       2.95743704    
   1.44543970       3.46655869       2.68298411       2.68298411    
   1.51356101       3.11529589       2.42880702       2.42880702    
   1.58489299       2.79572082       2.19174099       2.19174099    
   1.65958655       2.50887394       1.97831285       1.97831285    
   1.73780036       2.25141287       1.78610277       1.78610277    
   1.81970036       2.02032447       1.61297381       1.61297381    
   1.90546060       1.81291366       1.45699501       1.45699501    
   1.99526215       1.62596691       1.31504309       1.31504309    
   2.08929586       1.45896959       1.18848360       1.18848360    
   2.18776131       1.30909324       1.07437789       1.07437789    
   2.29086709       1.17458546      0.971474469      0.971474469    
   2.39883232       1.05387282      0.878652990      0.878652990    
   2.51188636      0.945542574      0.794903100      0.794903100    
   2.63026762      0.848328114      0.719322026      0.719322026    
   2.75422835      0.761089504      0.651095748      0.651095748    
   2.88403106      0.683164299      0.590061843      0.590061843    
   3.01995111      0.612882316      0.534369886      0.534369886    
   3.16227674      0.549816906      0.484061450      0.484061450    
   3.31131005      0.493228137      0.438603818      0.438603818    
   3.46736813      0.442451894      0.397520274      0.397520274    
   3.63077998      0.396892399      0.360380828      0.360380828    
   3.80189323      0.356014758      0.326798707      0.326798707    
   3.98107076      0.319518089      0.296687990      0.296687990    
   4.16869259      0.286594927      0.269182444      0.269182444    
   4.36515713      0.257057518      0.244292080      0.244292080    
   4.57088137      0.230557516      0.221763387      0.221763387    
   4.78630018      0.206904441      0.201537207      0.201537207    
   5.01187134      0.185564995      0.183048949      0.183048949    
   5.24807358      0.166421771      0.166301131      0.166301131    
   5.49540758      0.149248943      0.151127338      0.151127338    
   5.75439787      0.133925334      0.137485981      0.137485981    
   6.02559566      0.120099105      0.125008017      0.125008017    
   6.30957270      0.107697025      0.113693751      0.113693751    
   6.60693359       9.66330096E-02  0.103512108      0.103512108    
   6.91830826       8.66492167E-02   9.41938385E-02   9.41938385E-02
   7.24435806       7.76945576E-02   8.57379138E-02   8.57379138E-02
   7.58577347       6.97076991E-02   7.81206861E-02   7.81206861E-02
   7.94327974       6.25001639E-02   7.11457580E-02   7.11457580E-02
   8.31763649       5.60359024E-02   6.48111627E-02   6.48111627E-02
   8.70963478       5.02718352E-02   5.90991415E-02   5.90991415E-02
   9.12010670       4.50696051E-02   5.38658909E-02   5.38658909E-02
   9.54992390       4.04043496E-02   4.91094440E-02   4.91094440E-02
   9.99999714       3.62453833E-02   4.48159538E-02   4.48159538E-02
   10.4712820       3.24914977E-02   4.08802666E-02   4.08802666E-02
   10.9647779       2.91253403E-02   3.73002551E-02   3.73002551E-02
   11.4815311       2.61252839E-02   3.40653546E-02   3.40653546E-02
   12.0226393       2.34171301E-02   3.10984403E-02   3.10984403E-02
   12.5892544       2.09889058E-02   2.83974875E-02   2.83974875E-02
   13.1825676       1.88253708E-02   2.59544123E-02   2.59544123E-02
   13.8038425       1.68721415E-02   2.37124972E-02   2.37124972E-02
   14.4543962       1.51209999E-02   2.16699727E-02   2.16699727E-02
   15.1356106       1.35611417E-02   1.98204909E-02   1.98204909E-02
   15.8489294       1.21527752E-02   1.81224216E-02   1.81224216E-02
   16.5958652       1.08902408E-02   1.65741146E-02   1.65741146E-02
   17.3780041       9.76592954E-03   1.51707167E-02   1.51707167E-02
   18.1970024       8.75071250E-03   1.38815269E-02   1.38815269E-02
   19.0545998       7.84069300E-03   1.27050979E-02   1.27050979E-02
   19.9526157       7.03056296E-03   1.16376746E-02   1.16376746E-02
   20.8929520       6.29894715E-03   1.06566269E-02   1.06566269E-02
   21.8776054       5.64321317E-03   9.76068247E-03   9.76068247E-03
   22.9086781       5.05551836E-03   8.94222595E-03   8.94222595E-03
   23.9883289       4.53255326E-03   8.19861889E-03   8.19861889E-03
   25.1188622       4.06019296E-03   7.51470868E-03   7.51470868E-03
   26.3026772       3.63689079E-03   6.88947504E-03   6.88947504E-03
   27.5422840       3.25756730E-03   6.31775055E-03   6.31775055E-03
   28.8403091       2.91766762E-03   5.79481712E-03   5.79481712E-03
   30.1995106       2.61310721E-03   5.31638693E-03   5.31638693E-03
   31.6227684       2.34022201E-03   4.87856567E-03   4.87856567E-03
   33.1131020       2.09573004E-03   4.47780453E-03   4.47780453E-03
   34.6736717       1.87668449E-03   4.11087694E-03   4.11087694E-03
   36.3077888       1.68044644E-03   3.77485063E-03   3.77485063E-03
   38.0189209       1.50464941E-03   3.46703804E-03   3.46703804E-03
   39.8106956       1.34717172E-03   3.18501377E-03   3.18501377E-03
   41.6869392       1.20610732E-03   2.92654196E-03   2.92654196E-03
   43.6515808       1.07872533E-03   2.68849800E-03   2.68849800E-03
   45.7088165       9.65653511E-04   2.47136573E-03   2.47136573E-03
   47.8630028       8.64384521E-04   2.27223150E-03   2.27223150E-03
   50.1187134       7.72923173E-04   2.08874210E-03   2.08874210E-03
   52.4807358       6.91775815E-04   1.92121556E-03   1.92121556E-03
   54.9540749       6.18480262E-04   1.76680146E-03   1.76680146E-03
   57.5439758       5.52901707E-04   1.62513088E-03   1.62513088E-03
   60.2559395       4.94231237E-04   1.49512291E-03   1.49512291E-03
   63.0957108       4.41745913E-04   1.37578917E-03   1.37578917E-03
   66.0693130       3.94796691E-04   1.26622792E-03   1.26622792E-03
   69.1830673       3.52415460E-04   1.16521143E-03   1.16521143E-03
   72.4435577       3.14893521E-04   1.07283681E-03   1.07283681E-03
   75.8577576       2.81018292E-04   9.87636973E-04   9.87636973E-04
   79.4328156       2.50752200E-04   9.09382186E-04   9.09382186E-04
   83.1763687       2.23449184E-04   8.37215397E-04   8.37215397E-04
   87.0963440       1.99080154E-04   7.70928222E-04   7.70928222E-04
   91.2010651       1.77333073E-04   7.10028457E-04   7.10028457E-04
   95.4992371       1.57729693E-04   6.53861032E-04   6.53861032E-04
   99.9999695       1.40255215E-04   6.02256157E-04   6.02256157E-04
   104.712852       1.25011473E-04   5.55127452E-04   5.55127452E-04
   109.647812       1.11255205E-04   5.11563616E-04   5.11563616E-04
   114.815346       9.89893015E-05   4.71447944E-04   4.71447944E-04
   120.226425       8.78057253E-05   4.34195797E-04   4.34195797E-04
   125.892517       7.76274392E-05   3.99582263E-04   3.99582263E-04
   131.825638       6.82746249E-05   3.67235742E-04   3.67235742E-04
   138.038391       5.96030877E-05   3.36777797E-04   3.36777797E-04
   144.543930       5.10431637E-05   3.06924485E-04   3.06924485E-04
