 #M_ecl   m_max
   5.06933546       1.47910821    
   5.13963270       1.47910821    
   5.21090460       1.47910821    
   5.28316450       1.51356101    
   5.35642672       1.51356101    
   5.43070459       1.51356101    
   5.50601292       1.54881644    
   5.58236504       1.54881644    
   5.65977621       1.58489299    
   5.73826122       1.58489299    
   5.81783390       1.58489299    
   5.89851141       1.62180984    
   5.98030567       1.62180984    
   6.06323624       1.62180984    
   6.14731550       1.65958655    
   6.23256063       1.65958655    
   6.31898832       1.65958655    
   6.40661430       1.69824326    
   6.49545574       1.69824326    
   6.58552885       1.73780036    
   6.67685080       1.73780036    
   6.76943922       1.73780036    
   6.86331177       1.77827895    
   6.95848608       1.77827895    
   7.05497980       1.77827895    
   7.15281200       1.81970036    
   7.25200081       1.81970036    
   7.35256481       1.81970036    
   7.45452356       1.86208701    
   7.55789614       1.86208701    
   7.66270208       1.90546060    
   7.76896143       1.90546060    
   7.87669468       1.90546060    
   7.98592138       1.94984448    
   8.09666252       1.94984448    
   8.20894051       1.94984448    
   8.32277584       1.99526215    
   8.43818665       1.99526215    
   8.55520153       2.04173779    
   8.67383575       2.04173779    
   8.79411793       2.04173779    
   8.91606522       2.08929586    
   9.03970718       2.08929586    
   9.16506004       2.08929586    
   9.29215431       2.13796163    
   9.42100906       2.13796163    
   9.55165100       2.18776131    
   9.68410492       2.18776131    
   9.81839561       2.18776131    
   9.95454788       2.23872066    
   10.0925884       2.23872066    
   10.2325420       2.23872066    
   10.3744392       2.29086709    
   10.5183039       2.29086709    
   10.6641607       2.34422827    
   10.8120403       2.34422827    
   10.9619732       2.34422827    
   11.1139851       2.39883232    
   11.2681026       2.39883232    
   11.4243603       2.39883232    
   11.5827808       2.45470810    
   11.7434025       2.45470810    
   11.9062471       2.51188636    
   12.0713539       2.51188636    
   12.2387476       2.51188636    
   12.4084644       2.57039547    
   12.5805321       2.57039547    
   12.7549896       2.57039547    
   12.9318628       2.63026762    
   13.1111917       2.63026762    
   13.2930040       2.69153452    
   13.4773407       2.69153452    
   13.6642342       2.69153452    
   13.8537159       2.75422835    
   14.0458250       2.75422835    
   14.2406015       2.81838250    
   14.4380789       2.81838250    
   14.6382914       2.81838250    
   14.8412800       2.88403106    
   15.0470877       2.88403106    
   15.2557487       2.88403106    
   15.4672995       2.95120859    
   15.6817837       2.95120859    
   15.8992472       3.01995111    
   16.1197262       3.01995111    
   16.3432579       3.01995111    
   16.5698891       3.09029460    
   16.7996674       3.09029460    
   17.0326309       3.16227674    
   17.2688217       3.16227674    
   17.5082932       3.16227674    
   17.7510853       3.23593569    
   17.9972382       3.23593569    
   18.2468052       3.23593569    
   18.4998379       3.31131005    
   18.7563801       3.31131005    
   19.0164738       3.38844132    
   19.2801743       3.38844132    
   19.5475368       3.38844132    
   19.8186073       3.46736813    
   20.0934315       3.46736813    
   20.3720646       3.54813361    
   20.6545696       3.54813361    
   20.9409904       3.54813361    
   21.2313786       3.63077998    
   21.5257931       3.63077998    
   21.8242970       3.71535182    
   22.1269398       3.71535182    
   22.4337730       3.71535182    
   22.7448616       3.80189323    
   23.0602684       3.80189323    
   23.3800507       3.89045072    
   23.7042618       3.89045072    
   24.0329666       3.89045072    
   24.3662376       3.98107076    
   24.7041302       3.98107076    
   25.0467014       3.98107076    
   25.3940296       4.07380199    
   25.7461758       4.07380199    
   26.1031971       4.16869259    
   26.4651680       4.16869259    
   26.8321667       4.16869259    
   27.2042542       4.26579380    
   27.5814953       4.26579380    
   27.9639664       4.36515713    
   28.3517494       4.36515713    
   28.7449093       4.36515713    
   29.1435146       4.46683550    
   29.5476456       4.46683550    
   29.9573898       4.57088137    
   30.3728161       4.57088137    
   30.7939949       4.57088137    
   31.2210140       4.67735100    
   31.6539631       4.67735100    
   32.0929146       4.78630018    
   32.5379448       4.78630018    
   32.9891472       4.78630018    
   33.4466171       4.89778757    
   33.9104271       4.89778757    
   34.3806648       5.01187134    
   34.8574295       5.01187134    
   35.3408051       5.01187134    
   35.8308716       5.12861300    
   36.3277397       5.12861300    
   36.8315048       5.24807358    
   37.3422546       5.24807358    
   37.8600769       5.24807358    
   38.3850822       5.37031651    
   38.9173775       5.37031651    
   39.4570541       5.49540758    
   40.0042038       5.49540758    
   40.5589409       5.49540758    
   41.1213799       5.62341166    
   41.6916199       5.62341166    
   42.2697563       5.75439787    
   42.8559074       5.75439787    
   43.4501991       5.75439787    
   44.0527344       5.88843489    
   44.6636124       5.88843489    
   45.2829590       6.02559566    
   45.9109116       6.02559566    
   46.5475655       6.02559566    
   47.1930389       6.16594934    
   47.8474655       6.16594934    
   48.5109749       6.30957270    
   49.1836891       6.30957270    
   49.8657150       6.30957270    
   50.5572014       6.45654154    
   51.2583046       6.45654154    
   51.9691010       6.60693359    
   52.6897545       6.60693359    
   53.4204025       6.60693359    
   54.1612091       6.76082850    
   54.9122620       6.76082850    
   55.6737251       6.91830826    
   56.4457512       6.91830826    
   57.2285118       6.91830826    
   58.0220985       7.07945633    
   58.8266907       7.07945633    
   59.6424675       7.24435806    
   60.4695282       7.24435806    
   61.3080559       7.24435806    
   62.1582108       7.41310024    
   63.0201912       7.41310024    
   63.8940887       7.58577347    
   64.7801056       7.58577347    
   65.6784134       7.58577347    
   66.5892029       7.76246881    
   67.5125961       7.76246881    
   68.4487915       7.94327974    
   69.3979645       7.94327974    
   70.3603439       7.94327974    
   71.3360291       8.12830448    
   72.3252411       8.12830448    
   73.3281708       8.31763649    
   74.3450470       8.31763649    
   75.3759918       8.31763649    
   76.4212265       8.51137924    
   77.4809570       8.51137924    
   78.5554199       8.70963478    
   79.6447449       8.70963478    
   80.7491760       8.70963478    
   81.8689194       8.91250801    
   83.0042419       8.91250801    
   84.1552582       9.12010670    
   85.3222351       9.12010670    
   86.5054398       9.33254147    
   87.7050095       9.33254147    
   88.9212112       9.33254147    
   90.1542740       9.54992390    
   91.4044952       9.54992390    
   92.6719971       9.77236938    
   93.9570694       9.77236938    
   95.2599716       9.77236938    
   96.5809937       9.99999714    
   97.9202728       9.99999714    
   99.2781296       10.2329273    
   100.654816       10.2329273    
   102.050644       10.2329273    
   103.465782       10.4712820    
   104.900536       10.4712820    
   106.355186       10.7151890    
   107.830070       10.7151890    
   109.325340       10.7151890    
   110.841354       10.9647779    
   112.378387       10.9647779    
   113.936790       11.2201805    
   115.516747       11.2201805    
   117.118614       11.2201805    
   118.742691       11.4815311    
   120.389359       11.4815311    
   122.058792       11.7489710    
   123.751373       11.7489710    
   125.467499       11.7489710    
   127.207352       12.0226393    
   128.971329       12.0226393    
   130.759766       12.3026819    
   132.573090       12.3026819    
   134.411469       12.3026819    
   136.275345       12.5892544    
   138.165070       12.5892544    
   140.081070       12.8824959    
   142.023575       12.8824959    
   143.993011       13.1825676    
   145.989761       13.1825676    
   148.014267       13.1825676    
   150.066772       13.4896288    
   152.147751       13.4896288    
   154.257568       13.8038425    
   156.396744       13.8038425    
   158.565491       13.8038425    
   160.764313       14.1253748    
   162.993622       14.1253748    
   165.253937       14.4543962    
   167.545502       14.4543962    
   169.868851       14.4543962    
   172.224503       14.7910824    
   174.612732       14.7910824    
   177.034088       15.1356106    
   179.489014       15.1356106    
   181.978073       15.1356106    
   184.501556       15.4881639    
   187.060028       15.4881639    
   189.653976       15.8489294    
   192.284012       15.8489294    
   194.950409       15.8489294    
   197.653778       16.2180977    
   200.394638       16.2180977    
   203.173599       16.5958652    
   205.991013       16.5958652    
   208.847473       16.5958652    
   211.743546       16.9824333    
   214.679901       16.9824333    
   217.656860       17.3780041    
   220.675110       17.3780041    
   223.735199       17.3780041    
   226.837845       17.7827892    
   229.983398       17.7827892    
   233.172562       18.1970024    
   236.405960       18.1970024    
   239.684326       18.1970024    
   243.008011       18.6208649    
   246.377792       18.6208649    
   249.794434       19.0545998    
   253.258331       19.0545998    
   256.770264       19.0545998    
   260.330872       19.4984398    
   263.941010       19.4984398    
   267.601074       19.9526157    
   271.311890       19.9526157    
   275.074158       19.9526157    
   278.888763       20.4173717    
   282.756073       20.4173717    
   286.677063       20.8929520    
   290.652405       20.8929520    
   294.683014       20.8929520    
   298.769379       21.3796120    
   302.912384       21.3796120    
   307.112854       21.8776054    
   311.371765       21.8776054    
   315.689545       21.8776054    
   320.067200       22.3871994    
   324.505554       22.3871994    
   329.005646       22.9086781    
   333.567932       22.9086781    
   338.193512       22.9086781    
   342.883209       23.4422894    
   347.638153       23.4422894    
   352.458832       23.9883289    
   357.346375       23.9883289    
   362.301880       23.9883289    
   367.325897       24.5470886    
   372.419586       24.5470886    
   377.583923       25.1188622    
   382.820068       25.1188622    
   388.128632       25.1188622    
   393.510773       25.7039566    
   398.967590       25.7039566    
   404.500275       25.7039566    
   410.109467       26.3026772    
   415.796417       26.3026772    
   421.562256       26.9153442    
   427.408264       26.9153442    
   433.335114       26.9153442    
   439.344177       27.5422840    
   445.436523       27.5422840    
   451.613617       28.1838245    
   457.876129       28.1838245    
   464.225494       28.1838245    
   470.662872       28.8403091    
   477.189789       28.8403091    
   483.806976       28.8403091    
   490.515900       29.5120869    
   497.318146       29.5120869    
   504.214417       30.1995106    
   511.206329       30.1995106    
   518.295471       30.1995106    
   525.482666       30.9029465    
   532.769531       30.9029465    
   540.157410       31.6227684    
   547.648071       31.6227684    
   555.242249       31.6227684    
   562.941772       32.3593559    
   570.748047       32.3593559    
   578.662903       32.3593559    
   586.687195       33.1131020    
   594.822815       33.1131020    
   603.071167       33.8844032    
   611.434265       33.8844032    
   619.913025       33.8844032    
   628.509277       34.6736717    
   637.224792       34.6736717    
   646.061523       34.6736717    
   655.020447       35.4813271    
   664.103577       35.4813271    
   673.312683       36.3077888    
   682.649841       36.3077888    
   692.116150       36.3077888    
   701.713684       37.1535072    
   711.444702       37.1535072    
   721.310242       37.1535072    
   731.312622       38.0189209    
   741.453735       38.0189209    
   751.735840       38.0189209    
   762.160095       38.9044952    
   772.728943       38.9044952    
   783.444336       39.8106956    
   794.308777       39.8106956    
   805.323425       39.8106956    
   816.490845       40.7380295    
   827.813049       40.7380295    
   839.292786       40.7380295    
   850.931213       41.6869392    
   862.731018       41.6869392    
   874.694458       41.6869392    
   886.824341       42.6579514    
   899.121887       42.6579514    
   911.589966       42.6579514    
   924.230896       43.6515808    
   937.047729       43.6515808    
   950.041687       44.6683578    
   963.215881       44.6683578    
   976.572754       44.6683578    
   990.115417       45.7088165    
   1003.84528       45.7088165    
   1017.76556       45.7088165    
   1031.87939       46.7735100    
   1046.18848       46.7735100    
   1060.69592       46.7735100    
   1075.40454       47.8630028    
   1090.31775       47.8630028    
   1105.43713       47.8630028    
   1120.76611       48.9778748    
   1136.30774       48.9778748    
   1152.06555       48.9778748    
   1168.04114       50.1187134    
   1184.23840       50.1187134    
   1200.66016       50.1187134    
   1217.31030       51.2861290    
   1234.19067       51.2861290    
   1251.30518       51.2861290    
   1268.65698       52.4807358    
   1286.25012       52.4807358    
   1304.08643       52.4807358    
   1322.17017       53.7031670    
   1340.50464       53.7031670    
   1359.09412       53.7031670    
   1377.94055       54.9540749    
   1397.04846       54.9540749    
   1416.42200       54.9540749    
   1436.06348       56.2341156    
   1455.97729       56.2341156    
   1476.16724       56.2341156    
   1496.63806       57.5439758    
   1517.39185       57.5439758    
   1538.43347       57.5439758    
   1559.76685       58.8843460    
   1581.39697       58.8843460    
   1603.32605       58.8843460    
   1625.55933       60.2559395    
   1648.10095       60.2559395    
   1670.95593       60.2559395    
   1694.12708       60.2559395    
   1717.61938       61.6594772    
   1741.43750       61.6594772    
   1765.58691       61.6594772    
   1790.07031       63.0957108    
   1814.89307       63.0957108    
   1840.06018       63.0957108    
   1865.57715       64.5653992    
   1891.44702       64.5653992    
   1917.67566       64.5653992    
   1944.26807       64.5653992    
   1971.23022       66.0693130    
   1998.56519       66.0693130    
   2026.27917       66.0693130    
   2054.37866       67.6082687    
   2082.86670       67.6082687    
   2111.74951       67.6082687    
   2141.03320       69.1830673    
   2170.72388       69.1830673    
   2200.82520       69.1830673    
   2231.34399       69.1830673    
   2262.28589       70.7945404    
   2293.65820       70.7945404    
   2325.46436       70.7945404    
   2357.71143       72.4435577    
   2390.40576       72.4435577    
   2423.55469       72.4435577    
   2457.16211       72.4435577    
   2491.23535       74.1310272    
   2525.78125       74.1310272    
   2560.80737       74.1310272    
   2596.31812       74.1310272    
   2632.32104       75.8577576    
   2668.82349       75.8577576    
   2705.83325       75.8577576    
   2743.35498       75.8577576    
   2781.39697       77.6247101    
   2819.96655       77.6247101    
   2859.07251       77.6247101    
   2898.71899       79.4328156    
   2938.91553       79.4328156    
   2979.67090       79.4328156    
   3020.98999       79.4328156    
   3062.88184       81.2830429    
   3105.35474       81.2830429    
   3148.41821       81.2830429    
   3192.07715       81.2830429    
   3236.34155       83.1763687    
   3281.21973       83.1763687    
   3326.72217       83.1763687    
   3372.85352       83.1763687    
   3419.62476       85.1137924    
   3467.04468       85.1137924    
   3515.12378       85.1137924    
   3563.86792       85.1137924    
   3613.28809       85.1137924    
   3663.39331       87.0963440    
   3714.19531       87.0963440    
   3765.69995       87.0963440    
   3817.91870       87.0963440    
   3870.86182       89.1250763    
   3924.54102       89.1250763    
   3978.96240       89.1250763    
   4034.13843       89.1250763    
   4090.08203       91.2010651    
   4146.79883       91.2010651    
   4204.30225       91.2010651    
   4262.60303       91.2010651    
   4321.71484       91.2010651    
   4381.64404       93.3254089    
   4442.40381       93.3254089    
   4504.00684       93.3254089    
   4566.46582       93.3254089    
   4629.78906       93.3254089    
   4693.99023       95.4992371    
   4759.08154       95.4992371    
   4825.07812       95.4992371    
   4891.98730       95.4992371    
   4959.82422       95.4992371    
   5028.60205       97.7236938    
   5098.33594       97.7236938    
   5169.03418       97.7236938    
   5240.71338       97.7236938    
   5313.38574       99.9999695    
   5387.06934       99.9999695    
   5461.77148       99.9999695    
   5537.50977       99.9999695    
   5614.29834       102.329239    
   5692.15430       102.329239    
   5771.08740       102.329239    
   5851.11475       102.329239    
   5932.25537       104.712852    
   6014.51758       104.712852    
   6097.92041       104.712852    
   6182.47998       104.712852    
   6268.21582       107.151863    
   6355.13672       107.151863    
   6443.26318       107.151863    
   6532.61182       107.151863    
   6623.20264       109.647812    
   6715.04639       109.647812    
   6808.16357       109.647812    
   6902.57227       109.647812    
   6998.29346       109.647812    
   7095.33887       112.201775    
   7193.72949       112.201775    
   7293.48438       112.201775    
   7394.62695       112.201775    
   7497.16797       114.815346    
   7601.13086       114.815346    
   7706.53564       114.815346    
   7813.40576       114.815346    
   7921.75391       114.815346    
   8031.60449       117.489670    
   8142.97852       117.489670    
   8255.90137       117.489670    
   8370.38574       117.489670    
   8486.45703       117.489670    
   8604.14355       117.489670    
   8723.45703       120.226425    
   8844.42480       120.226425    
   8967.06934       120.226425    
   9091.42090       120.226425    
   9217.49121       120.226425    
   9345.30957       120.226425    
   9474.90039       123.026787    
   9606.29395       123.026787    
   9739.50391       123.026787    
   9874.56152       123.026787    
   10011.4912       123.026787    
   10150.3203       123.026787    
   10291.0742       125.892517    
   10433.7803       125.892517    
   10578.4648       125.892517    
   10725.1680       125.892517    
   10873.8936       125.892517    
   11024.6807       125.892517    
   11177.5596       125.892517    
   11332.5586       125.892517    
   11489.7061       128.824860    
   11649.0342       128.824860    
   11810.5830       128.824860    
   11974.3604       128.824860    
   12140.4082       128.824860    
   12308.7588       128.824860    
   12479.4434       128.824860    
   12652.4951       128.824860    
   12827.9473       131.825638    
   13005.8320       131.825638    
   13186.1973       131.825638    
   13369.0498       131.825638    
   13554.4375       131.825638    
   13742.3965       131.825638    
   13932.9619       131.825638    
   14126.1699       131.825638    
   14322.0566       131.825638    
   14520.6602       134.896317    
   14722.0332       134.896317    
   14926.1826       134.896317    
   15133.1641       134.896317    
   15343.0146       134.896317    
   15555.7754       134.896317    
   15771.4873       134.896317    
   15990.1895       134.896317    
   16211.9248       134.896317    
   16436.7520       134.896317    
   16664.6797       134.896317    
   16895.7695       138.038391    
   17130.0625       138.038391    
   17367.6035       138.038391    
   17608.4395       138.038391    
   17852.6152       138.038391    
   18100.1953       138.038391    
   18351.1914       138.038391    
   18605.6660       138.038391    
   18863.6699       138.038391    
   19125.2520       138.038391    
   19390.4609       138.038391    
   19659.3477       138.038391    
   19931.9629       138.038391    
   20208.3809       138.038391    
   20488.6094       141.253784    
   20772.7227       141.253784    
   21060.7773       141.253784    
   21352.8262       141.253784    
   21648.9258       141.253784    
   21949.1309       141.253784    
   22253.4980       141.253784    
   22562.1113       141.253784    
   22874.9785       141.253784    
   23192.1855       141.253784    
   23513.7891       141.253784    
   23839.8555       141.253784    
   24170.4414       141.253784    
   24505.6113       141.253784    
   24845.4570       141.253784    
   25189.9883       141.253784    
   25539.2949       141.253784    
   25893.4473       141.253784    
   26252.5117       144.543930    
   26616.5547       144.543930    
   26985.6445       144.543930    
   27359.8535       144.543930    
   27739.2812       144.543930    
   28123.9414       144.543930    
   28513.9336       144.543930    
   28909.3359       144.543930    
   29310.2207       144.543930    
   29716.6641       144.543930    
   30128.7441       144.543930    
   30546.5371       144.543930    
   30970.1582       144.543930    
   31399.6211       144.543930    
   31835.0371       144.543930    
   32276.4922       144.543930    
   32724.0703       144.543930    
   33177.8516       144.543930    
   33637.9297       144.543930    
   34104.4219       144.543930    
   34577.3477       144.543930    
   35056.8281       144.543930    
   35542.9609       144.543930    
   36035.8320       144.543930    
   36535.5391       144.543930    
   37042.1758       144.543930    
   37555.8398       147.910858    
   38076.6641       147.910858    
   38604.6719       147.910858    
   39140.0039       147.910858    
   39682.7539       147.910858    
   40233.0352       147.910858    
   40790.9453       147.910858    
   41356.5898       147.910858    
   41930.0820       147.910858    
   42511.5703       147.910858    
   43101.0742       147.910858    
   43698.7578       147.910858    
   44304.7266       147.910858    
   44919.0977       147.910858    
   45541.9883       147.910858    
   46173.5156       147.910858    
   46813.8008       147.910858    
   47463.0195       147.910858    
   48121.1875       147.910858    
   48788.4805       147.910858    
   49465.0273       147.910858    
   50150.9570       147.910858    
   50846.3984       147.910858    
   51551.4844       147.910858    
   52266.3477       147.910858    
   52991.1211       147.910858    
   53726.0039       147.910858    
   54471.0234       147.910858    
   55226.3711       147.910858    
   55992.1914       147.910858    
   56768.6328       147.910858    
   57555.8398       147.910858    
   58353.9648       147.910858    
   59163.1562       147.910858    
   59983.6367       147.910858    
   60815.4258       147.910858    
   61658.7500       147.910858    
   62513.7695       147.910858    
   63380.6445       147.910858    
   64259.5430       147.910858    
   65150.6250       147.910858    
   66054.0703       147.910858    
   66970.1094       147.910858    
   67898.7812       147.910858    
   68840.3281       147.910858    
   69794.9375       147.910858    
   70762.7812       147.910858    
   71744.0469       147.910858    
   72738.9141       147.910858    
   73747.6641       147.910858    
   74770.3203       147.910858    
   75807.1562       147.910858    
   76858.3672       147.910858    
   77924.1641       150.000000    
   79004.7344       150.000000    
   80100.2891       150.000000    
   81211.0312       150.000000    
   82337.2734       150.000000    
   83479.0391       150.000000    
   84636.6406       150.000000    
   85810.2969       150.000000    
   87000.2188       150.000000    
   88206.6484       150.000000    
   89429.8047       150.000000    
   90669.9297       150.000000    
   91927.3438       150.000000    
   93202.0938       150.000000    
   94494.5234       150.000000    
   95804.8750       150.000000    
   97133.3984       150.000000    
   98480.3438       150.000000    
   99845.9688       150.000000    
   101230.633       150.000000    
   102634.398       150.000000    
   104057.625       150.000000    
   105500.586       150.000000    
   106963.555       150.000000    
   108446.820       150.000000    
   109950.641       150.000000    
   111475.328       150.000000    
   113021.273       150.000000    
   114588.531       150.000000    
   116177.523       150.000000    
   117788.555       150.000000    
   119421.922       150.000000    
   121077.945       150.000000    
   122756.922       150.000000    
   124459.188       150.000000    
   126185.195       150.000000    
   127935.000       150.000000    
   129709.070       150.000000    
   131507.734       150.000000    
   133331.359       150.000000    
   135180.250       150.000000    
   137054.797       150.000000    
   138955.484       150.000000    
   140882.359       150.000000    
   142835.969       150.000000    
   144816.672       150.000000    
   146824.844       150.000000    
   148860.859       150.000000    
   150925.109       150.000000    
   153017.969       150.000000    
   155140.031       150.000000    
   157291.359       150.000000    
   159472.516       150.000000    
   161683.906       150.000000    
   163925.969       150.000000    
   166199.125       150.000000    
   168503.797       150.000000    
   170840.438       150.000000    
   173209.672       150.000000    
   175611.562       150.000000    
   178046.750       150.000000    
   180515.719       150.000000    
   183018.922       150.000000    
   185556.844       150.000000    
   188129.953       150.000000    
   190738.734       150.000000    
   193383.906       150.000000    
   196065.562       150.000000    
   198784.391       150.000000    
   201540.922       150.000000    
   204335.688       150.000000    
   207169.203       150.000000    
   210042.000       150.000000    
   212954.875       150.000000    
   215907.922       150.000000    
   218901.906       150.000000    
   221937.406       150.000000    
   225015.000       150.000000    
   228135.281       150.000000    
   231298.812       150.000000    
   234506.234       150.000000    
   237758.375       150.000000    
   241055.359       150.000000    
   244398.062       150.000000    
   247787.125       150.000000    
   251223.172       150.000000    
   254706.875       150.000000    
   258238.891       150.000000    
   261819.875       150.000000    
   265450.812       150.000000    
   269131.812       150.000000    
   272863.844       150.000000    
   276647.625       150.000000    
   280483.906       150.000000    
   284373.344       150.000000    
   288316.750       150.000000    
   292315.125       150.000000    
   296368.656       150.000000    
   300478.375       150.000000    
   304645.125       150.000000    
   308869.625       150.000000    
   313152.688       150.000000    
   317495.156       150.000000    
   321897.844       150.000000    
   326361.969       150.000000    
   330887.594       150.000000    
   335476.000       150.000000    
   340128.031       150.000000    
   344844.594       150.000000    
   349626.531       150.000000    
   354474.781       150.000000    
   359390.281       150.000000    
   364374.312       150.000000    
   369427.062       150.000000    
   374549.906       150.000000    
   379743.781       150.000000    
   385009.656       150.000000    
   390348.562       150.000000    
   395761.531       150.000000    
   401249.969       150.000000    
   406814.094       150.000000    
   412455.344       150.000000    
   418174.844       150.000000    
   423973.656       150.000000    
   429852.906       150.000000    
   435813.656       150.000000    
   441857.062       150.000000    
   447984.750       150.000000    
   454196.938       150.000000    
   460495.281       150.000000    
   466880.938       150.000000    
   473355.156       150.000000    
   479919.156       150.000000    
   486574.156       150.000000    
   493321.469       150.000000    
   500162.875       150.000000    
   507098.625       150.000000    
   514130.531       150.000000    
   521259.969       150.000000    
   528488.250       150.000000    
   535816.750       150.000000    
   543246.938       150.000000    
   550780.125       150.000000    
   558418.375       150.000000    
   566161.938       150.000000    
   574012.875       150.000000    
   581972.688       150.000000    
   590042.875       150.000000    
   598224.938       150.000000    
   606520.500       150.000000    
   614931.812       150.000000    
   623459.000       150.000000    
   632104.500       150.000000    
   640869.875       150.000000    
   649756.750       150.000000    
   658766.938       150.000000    
   667902.000       150.000000    
   677163.812       150.000000    
   686554.750       150.000000    
   696075.188       150.000000    
   705727.625       150.000000    
   715513.875       150.000000    
   725435.875       150.000000    
   735495.500       150.000000    
   745694.562       150.000000    
   756035.062       150.000000    
   766519.812       150.000000    
   777149.125       150.000000    
   787925.812       150.000000    
   798851.938       150.000000    
   809929.562       150.000000    
   821160.875       150.000000    
   832547.875       150.000000    
   844093.688       150.000000    
   855798.688       150.000000    
   867666.000       150.000000    
   879697.875       150.000000    
   891896.625       150.000000    
   904264.500       150.000000    
   916803.938       150.000000    
   929517.188       150.000000    
   942407.812       150.000000    
   955476.125       150.000000    
   968725.688       150.000000    
   982158.938       150.000000    
   995778.500       150.000000    
   1009586.94       150.000000    
   1023586.81       150.000000    
   1037780.88       150.000000    
   1052172.88       150.000000    
   1066763.25       150.000000    
   1081556.00       150.000000    
   1096554.00       150.000000    
   1111759.75       150.000000    
   1127176.50       150.000000    
   1142807.00       150.000000    
   1158655.62       150.000000    
   1174722.62       150.000000    
   1191012.38       150.000000    
   1207528.12       150.000000    
   1224272.88       150.000000    
   1241249.75       150.000000    
   1258462.12       150.000000    
   1275913.25       150.000000    
   1293607.62       150.000000    
   1311546.00       150.000000    
   1329733.25       150.000000    
   1348172.50       150.000000    
   1366867.62       150.000000    
   1385821.88       150.000000    
   1405039.00       150.000000    
   1424522.62       150.000000    
   1444278.00       150.000000    
   1464305.75       150.000000    
   1484611.25       150.000000    
   1505198.25       150.000000    
   1526070.75       150.000000    
   1547232.75       150.000000    
   1568688.12       150.000000    
   1590441.12       150.000000    
   1612497.38       150.000000    
   1634857.88       150.000000    
   1657528.38       150.000000    
   1680513.25       150.000000    
   1703816.88       150.000000    
   1727443.62       150.000000    
   1751398.00       150.000000    
   1775686.50       150.000000    
   1800309.88       150.000000    
   1825274.62       150.000000    
   1850585.62       150.000000    
   1876247.62       150.000000    
   1902265.50       150.000000    
   1928644.12       150.000000    
   1955388.50       150.000000    
   1982506.00       150.000000    
   2009997.25       150.000000    
   2037869.88       150.000000    
   2066128.88       150.000000    
   2094779.88       150.000000    
   2123828.00       150.000000    
   2153279.00       150.000000    
   2183138.50       150.000000    
   2213414.50       150.000000    
   2244107.75       150.000000    
   2275226.75       150.000000    
   2306777.25       150.000000    
   2338765.00       150.000000    
   2371196.75       150.000000    
   2404078.00       150.000000    
   2437417.75       150.000000    
   2471217.50       150.000000    
   2505485.75       150.000000    
   2540229.25       150.000000    
   2575454.50       150.000000    
   2611168.00       150.000000    
   2647377.00       150.000000    
   2684088.00       150.000000    
   2721311.25       150.000000    
   2759047.50       150.000000    
   2797307.00       150.000000    
   2836097.25       150.000000    
   2875425.25       150.000000    
   2915298.75       150.000000    
   2955725.00       150.000000    
   2996712.00       150.000000    
   3038270.50       150.000000    
   3080402.00       150.000000    
   3123117.75       150.000000    
   3166426.00       150.000000    
   3210334.75       150.000000    
   3254852.25       150.000000    
   3299987.25       150.000000    
   3345751.50       150.000000    
   3392147.00       150.000000    
   3439185.75       150.000000    
   3486876.75       150.000000    
   3535229.25       150.000000    
   3584252.00       150.000000    
   3633954.75       150.000000    
   3684346.50       150.000000    
   3735441.25       150.000000    
   3787240.50       150.000000    
   3839758.00       150.000000    
   3893003.75       150.000000    
   3946988.00       150.000000    
   4001720.50       150.000000    
   4057212.25       150.000000    
   4113473.50       150.000000    
   4170519.50       150.000000    
   4228352.00       150.000000    
   4286986.00       150.000000    
   4346433.50       150.000000    
   4406705.50       150.000000    
   4467813.00       150.000000    
   4529768.00       150.000000    
   4592582.00       150.000000    
   4656272.50       150.000000    
   4720840.50       150.000000    
   4786304.50       150.000000    
   4852676.00       150.000000    
   4919967.50       150.000000    
