2.0 135.528793335
8.0 5.0054502487
8.30103 3.9123084544999998
8.47712 3.4138958454000004
8.60206 3.1045615673
8.69897 2.889701128
8.77815 2.7261240482
8.8451 2.5946371555
8.903089999999999 2.4851140976
8.954239999999999 2.3919043541
9.0 2.3092670441
9.04139 2.2401795387
9.079180000000001 2.1769852638
9.11394 2.1188054085
9.14613 2.0670318603999998
9.17609 2.018879652
9.20412 1.9754046202000002
9.23045 1.9358748198
9.25527 1.8995085955000002
9.27875 1.8658976555000002
9.30103 1.8223593235
9.32222 1.7799909115
9.342419999999999 1.7465331553999999
9.36173 1.7165884972
9.38021 1.6889749765000002
9.39794 1.6634093523
9.41497 1.6399546862
9.43136 1.6185950041
9.44716 1.5983664989
9.4624 1.5791866779
9.47712 1.5606733561000001
9.49136 1.5434325933000002
9.50515 1.527099371
9.518510000000001 1.5114212036
9.53148 1.4964426756
9.54407 1.4820599556
9.5563 1.4681084156
9.5682 1.4549330473
9.57978 1.4425700903
9.59106 1.4305529594
9.60206 1.4186130762
9.61278 1.4077008963
9.62325 1.3971555233000001
9.633469999999999 1.3869174719
9.64345 1.3780162334000001
9.653210000000001 1.369076252
9.66276 1.3597687483
9.6721 1.3489831686000002
9.681239999999999 1.3381575345999999
9.6902 1.3281518221
9.69897 1.3175963163
9.70757 1.3078886270999999
9.716 1.2994475365
9.72428 1.2905198335999999
9.732389999999999 1.2820577621
9.74036 1.2742812634
9.74819 1.2666908503
9.75587 1.2591956854000002
9.76343 1.2517758608
9.77085 1.2446959019
9.77815 1.2376705408
9.78533 1.2307388783
9.79239 1.223957777
9.799339999999999 1.2173216343000002
9.80618 1.2114955187
9.81291 1.2056546211
9.81954 1.1992311478
9.82607 1.1939090490000002
9.832510000000001 1.1887437105
9.83885 1.1836756468
9.8451 1.1787017584000001
9.85126 1.1738187075
9.857330000000001 1.1690238714
9.86332 1.1643275023000002
9.86923 1.1597516537
9.875060000000001 1.1552766562
9.88081 1.1508407593
9.88649 1.1464797258
9.89209 1.1421911716
9.89763 1.1379729509
9.903089999999999 1.1338231564
9.90848 1.1297396420999999
9.91381 1.1257206201999999
9.919080000000001 1.1217645406999999
9.92428 1.1179455519
9.92942 1.1141115427
9.9345 1.1105115414
9.93952 1.1069835423999999
9.94448 1.1035068035
9.94939 1.1000801325
9.954239999999999 1.0967022181000001
9.95904 1.0933716297
9.96379 1.0900876522
9.96848 1.0868487358
9.973130000000001 1.0836539268
9.97772 1.0805022717000001
9.98227 1.0773925781
9.98677 1.0743501186
9.99123 1.0713148117
9.99563 1.0682814121
10.0 1.065286994
