   9.12010670E-02   241.096161       201.273239       201.273239    
   9.54992399E-02   227.086060       189.577286       189.577286    
  0.100000001       213.889969       178.560791       178.560791    
  0.104712851       201.460876       168.184662       168.184662    
  0.109647810       189.753754       158.411255       158.411255    
  0.114815347       178.727158       149.206131       149.206131    
  0.120226420       168.341156       140.535706       140.535706    
  0.125892535       158.558578       132.369003       132.369003    
  0.131825656       149.344849       124.677086       124.677086    
  0.138038427       140.666443       117.431953       117.431953    
  0.144543961       132.492142       110.607933       110.607933    
  0.151356101       124.793045       104.180550       104.180550    
  0.158489287       117.541313       98.1264725       98.1264725    
  0.165958658       110.710907       92.4243698       92.4243698    
  0.173780069       104.277496       87.0535507       87.0535507    
  0.181970075       98.2177734       81.9948730       81.9948730    
  0.190546066       92.5103073       77.2300491       77.2300491    
  0.199526206       87.1345749       72.7421646       72.7421646    
  0.208929583       82.0711517       68.5151825       68.5151825    
  0.218776122       77.3019180       64.5337219       64.5337219    
  0.229086742       72.8098831       60.7835846       60.7835846    
  0.239883259       68.5788651       57.2514420       57.2514420    
  0.251188636       64.5937424       53.9245911       53.9245911    
  0.263026774       60.8401833       50.7909393       50.7909393    
  0.275422841       57.3047218       47.8394661       47.8394661    
  0.288403094       53.9747009       45.0595093       45.0595093    
  0.301995158       50.8382301       42.4411049       42.4411049    
  0.316227734       47.8839912       39.9748459       39.9748459    
  0.331131071       45.1014519       37.6518745       37.6518745    
  0.346736819       42.4805908       35.4638977       35.4638977    
  0.363077998       40.0120049       33.4030724       33.4030724    
  0.380189329       37.6868858       31.4620056       31.4620056    
  0.398107141       35.4969025       29.6336956       29.6336956    
  0.416869342       33.4341545       27.9117241       27.9117241    
  0.436515749       31.4912987       26.2897320       26.2897320    
  0.457088143       29.6613121       24.7620239       24.7620239    
  0.478630036       27.9376793       23.3230953       23.3230953    
  0.501187146       26.2518864       21.9157524       21.9157524    
  0.524807334       23.6135273       19.7131824       19.7131824    
  0.549540818       21.2402973       17.7319508       17.7319508    
  0.575439870       19.1056004       15.9498453       15.9498453    
  0.602559447       17.1854382       14.3468523       14.3468523    
  0.630957246       15.4582644       12.9049578       12.9049578    
  0.660693347       13.9046669       11.6079741       11.6079741    
  0.691830814       12.5072212       10.4413462       10.4413462    
  0.724435866       11.2501993       9.39196682       9.39196682    
  0.758577466       10.1195316       8.44804955       8.44804955    
  0.794328094       9.10249329       7.59899998       7.59899998    
  0.831763685       8.18767452       6.83528280       6.83528280    
  0.870963454       7.36479092       6.14832306       6.14832306    
  0.912010670       6.62461472       5.53039980       5.53039980    
  0.954992354       5.95882463       4.97458506       4.97458506    
  0.999999702       5.35995054       4.47462559       4.47462559    
   1.04712856       4.82126236       4.04860783       4.04860783    
   1.09647810       4.33671188       3.66346884       3.66346884    
   1.14815342       3.90086126       3.31525326       3.31525326    
   1.20226419       3.50881553       3.00039506       3.00039506    
   1.25892508       3.15617442       2.71568656       2.71568656    
   1.31825638       2.83896947       2.45821691       2.45821691    
   1.38038421       2.55364418       2.22535634       2.22535634    
   1.44543970       2.29699707       2.01473975       2.01473975    
   1.51356101       2.06614256       1.81929862       1.81929862    
   1.58489299       1.85849130       1.63645887       1.63645887    
   1.65958655       1.67170835       1.47037244       1.47037244    
   1.73780036       1.50369859       1.32317984       1.32317984    
   1.81970036       1.35257280       1.18943989       1.18943989    
   1.90546060       1.21663558       1.07083726       1.07083726    
   1.99526215       1.09436166      0.963048160      0.963048160    
   2.08929586      0.984374821      0.867407978      0.867407978    
   2.18776131      0.885442555      0.781431615      0.781431615    
   2.29086709      0.796454072      0.703264415      0.703264415    
   2.39883232      0.716407776      0.633840322      0.633840322    
   2.51188636      0.644406676      0.571392655      0.571392655    
   2.63026762      0.579643011      0.514595151      0.514595151    
   2.75422835      0.521386743      0.464105666      0.464105666    
   2.88403106      0.468986839      0.418663740      0.418663740    
   3.01995111      0.421852261      0.377753228      0.377753228    
   3.16227674      0.379455149      0.340917975      0.340917975    
   3.31131005      0.341319144      0.307392538      0.307392538    
   3.46736813      0.307015777      0.277545750      0.277545750    
   3.63077998      0.276159912      0.250653982      0.250653982    
   3.80189323      0.248405173      0.226419970      0.226419970    
   3.98107076      0.223439813      0.204576164      0.204576164    
   4.16869259      0.200983837      0.184881747      0.184881747    
   4.36515713      0.180784330      0.167121887      0.167121887    
   4.57088137      0.162614942      0.151103407      0.151103407    
   4.78630018      0.146271855      0.136652276      0.136652276    
   5.01187134      0.131571114      0.123612508      0.123612508    
   5.24807358      0.118347861      0.111843273      0.111843273    
   5.49540758      0.106453680      0.101218723      0.101218723    
   5.75439787       9.57548544E-02   9.16252956E-02   9.16252956E-02
   6.02559566       8.61312672E-02   8.29608217E-02   8.29608217E-02
   6.30957270       7.74747655E-02   7.51337558E-02   7.51337558E-02
   6.60693359       6.96884617E-02   6.80614561E-02   6.80614561E-02
   6.91830826       6.26845732E-02   6.16698526E-02   6.16698526E-02
   7.24435806       5.63846119E-02   5.58919236E-02   5.58919236E-02
   7.58577347       5.07178232E-02   5.06676622E-02   5.06676622E-02
   7.94327974       4.56205718E-02   4.59428169E-02   4.59428169E-02
   8.31763649       4.10355851E-02   4.16687131E-02   4.16687131E-02
   8.70963478       3.69114019E-02   3.78015041E-02   3.78015041E-02
   9.12010670       3.32017206E-02   3.43015306E-02   3.43015306E-02
   9.54992390       2.98648719E-02   3.11333444E-02   3.11333444E-02
   9.99999714       2.68634018E-02   2.82646921E-02   2.82646921E-02
   10.4712820       2.41635628E-02   2.56666429E-02   2.56666429E-02
   10.9647779       2.17350628E-02   2.33130995E-02   2.33130995E-02
   11.4815311       1.95506252E-02   2.11805664E-02   2.11805664E-02
   12.0226393       1.75857469E-02   1.92477908E-02   1.92477908E-02
   12.5892544       1.58183277E-02   1.74956582E-02   1.74956582E-02
   13.1825676       1.42285414E-02   1.59202088E-02   1.59202088E-02
   13.8038425       1.27985310E-02   1.44779570E-02   1.44779570E-02
   14.4543962       1.15122637E-02   1.31695746E-02   1.31695746E-02
   15.1356106       1.03552500E-02   1.19823487E-02   1.19823487E-02
   15.8489294       9.31452680E-03   1.09047890E-02   1.09047890E-02
   16.5958652       8.37839115E-03   9.92654450E-03   9.92654450E-03
   17.3780041       7.53634376E-03   9.03822295E-03   9.03822295E-03
   18.1970024       6.77892566E-03   8.23138747E-03   8.23138747E-03
   19.0545998       6.09762408E-03   7.49836396E-03   7.49836396E-03
   19.9526157       5.48479799E-03   6.83225226E-03   6.83225226E-03
   20.8929520       4.93356446E-03   6.22679433E-03   6.22679433E-03
   21.8776054       4.43772832E-03   5.67633053E-03   5.67633053E-03
   22.9086781       3.99172213E-03   5.17574372E-03   5.17574372E-03
   23.9883289       3.59054795E-03   4.72041219E-03   4.72041219E-03
   25.1188622       3.22968746E-03   4.30613663E-03   4.30613663E-03
   26.3026772       2.90509849E-03   3.92643642E-03   3.92643642E-03
   27.5422840       2.61312816E-03   3.58352577E-03   3.58352577E-03
   28.8403091       2.35050218E-03   3.27131059E-03   3.27131059E-03
   30.1995106       2.11427291E-03   2.98697036E-03   2.98697036E-03
   31.6227684       1.90178270E-03   2.72795651E-03   2.72795651E-03
   33.1131020       1.71064842E-03   2.49037053E-03   2.49037053E-03
   34.6736717       1.53872406E-03   2.27545132E-03   2.27545132E-03
   36.3077888       1.38407911E-03   2.07953504E-03   2.07953504E-03
   38.0189209       1.24497642E-03   1.89973670E-03   1.89973670E-03
   39.8106956       1.11985300E-03   1.73693383E-03   1.73693383E-03
   41.6869392       1.00730406E-03   1.58747891E-03   1.58747891E-03
   43.6515808       9.06067085E-04   1.45121373E-03   1.45121373E-03
   45.7088165       8.15005507E-04   1.32771267E-03   1.32771267E-03
   47.8630028       7.33095920E-04   1.21428224E-03   1.21428224E-03
   50.1187134       6.59417943E-04   1.11078750E-03   1.11078750E-03
   52.4807358       5.93145145E-04   1.01633708E-03   1.01633708E-03
   54.9540749       5.33532526E-04   9.30117851E-04   9.30117851E-04
   57.5439758       4.79911163E-04   8.51395540E-04   8.51395540E-04
   60.2559395       4.31678724E-04   7.79500988E-04   7.79500988E-04
   63.0957108       3.88294255E-04   7.13455782E-04   7.13455782E-04
   66.0693130       3.49269743E-04   6.53151015E-04   6.53151015E-04
   69.1830673       3.14167410E-04   5.98375162E-04   5.98375162E-04
   72.4435577       2.82592810E-04   5.48031239E-04   5.48031239E-04
   75.8577576       2.54191225E-04   5.01783623E-04   5.01783623E-04
   79.4328156       2.28644363E-04   4.59763716E-04   4.59763716E-04
   83.1763687       2.05665128E-04   4.21149743E-04   4.21149743E-04
   87.0963440       1.84995326E-04   3.85681604E-04   3.85681604E-04
   91.2010651       1.66402693E-04   3.53443815E-04   3.53443815E-04
   95.4992371       1.49679050E-04   3.23673099E-04   3.23673099E-04
   99.9999695       1.34635819E-04   2.96612619E-04   2.96612619E-04
   104.712852       1.21104611E-04   2.71962403E-04   2.71962403E-04
   109.647812       1.08933258E-04   2.49371806E-04   2.49371806E-04
   114.815346       9.79852557E-05   2.28551435E-04   2.28551435E-04
   120.226425       8.81374945E-05   2.09248261E-04   2.09248261E-04
   125.892517       7.92794453E-05   1.91445870E-04   1.91445870E-04
   131.825638       7.13117042E-05   1.74699744E-04   1.74699744E-04
   138.038391       6.41446895E-05   1.58888521E-04   1.58888521E-04
   144.543930       5.76979983E-05   1.42928169E-04   1.42928169E-04
